0 0 0 0 1 6 2 4 5 7 3
0 2 9 2 1 6 0 4 5 7 3
0 3 7 2 1 6 3 4 5 7 0
0 5 9 2 1 6 4 0 5 7 3
0 7 7 2 1 6 4 3 5 7 0
0 6 8 2 1 6 4 5 0 7 3
0 7 8 2 1 6 4 5 7 0 3
0 8 6 2 1 6 4 5 7 3 0
0 8 8 2 1 0 4 5 7 6 3
0 9 8 2 1 6 0 5 7 3 4
0 11 8 2 1 0 4 5 7 3 6
0 12 6 2 1 3 4 5 7 0 6
0 13 4 2 1 3 4 5 7 6 0
0 13 6 2 1 3 4 5 0 7 6
0 14 6 2 1 3 0 5 7 6 4
0 14 7 2 1 3 4 0 5 7 6
0 16 4 2 1 3 4 6 5 7 0
0 17 6 2 1 3 0 6 5 7 4
0 17 6 2 1 3 4 6 5 0 7
0 17 7 2 1 3 6 5 7 0 4
0 17 7 2 1 3 0 4 5 7 6
0 18 6 2 1 3 6 4 5 7 0
0 18 7 2 1 3 6 5 7 4 0
0 18 7 2 1 3 6 5 0 7 4
0 12 8 2 1 6 3 5 7 0 4
0 15 8 2 1 3 4 0 7 6 5
0 14 8 2 0 3 4 5 1 7 6
0 15 7 0 2 3 4 5 1 7 6
0 18 4 1 2 3 4 5 0 7 6
0 18 4 6 2 3 4 5 1 7 0
0 19 4 1 2 3 4 5 7 0 6
0 20 2 1 2 3 4 5 7 6 0
0 21 4 1 2 3 0 5 7 6 4
0 19 5 1 2 3 4 0 5 7 6
0 21 2 1 2 3 4 6 5 7 0
0 22 4 1 2 3 0 6 5 7 4
0 22 4 1 2 3 4 6 5 0 7
0 24 5 1 2 3 6 5 7 0 4
0 22 5 1 2 3 0 4 5 7 6
0 23 4 1 2 3 6 4 5 7 0
0 25 5 1 2 3 6 5 7 4 0
0 25 5 1 2 3 6 5 0 7 4
0 26 6 1 2 3 0 5 7 4 6
0 26 6 1 2 3 6 0 5 7 4
0 24 6 1 2 0 4 6 5 7 3
0 23 6 1 2 3 4 6 0 5 7
0 24 5 1 2 3 4 0 6 5 7
0 26 4 1 2 3 4 7 6 5 0
0 27 5 1 2 3 0 4 6 5 7
0 30 4 1 2 3 5 4 6 0 7
0 31 2 1 2 3 5 4 6 7 0
0 32 4 1 2 3 0 4 6 7 5
0 33 4 1 2 3 5 0 6 7 4
0 36 2 1 2 3 0 5 6 7 4
0 37 0 1 2 3 4 5 6 7 0
