0 0 0 0 6 7 2 5 3 4 1
11 3 8 1 6 7 2 5 3 4 0
12 4 8 1 6 7 2 5 3 0 4
13 2 11 2 6 7 0 5 3 4 1
12 3 9 2 6 7 1 5 3 4 0
13 5 8 1 6 0 2 5 3 7 4
12 6 6 1 6 2 0 5 3 7 4
11 7 4 1 6 2 4 5 3 7 0
13 4 9 2 6 7 1 5 3 0 4
13 5 8 1 6 7 2 5 0 3 4
14 1 13 5 6 7 2 0 3 4 1
12 3 9 5 6 7 2 1 3 4 0
14 5 9 2 6 7 4 5 3 0 1
14 4 10 5 6 7 2 1 3 0 4
14 6 8 2 6 7 4 5 3 1 0
14 4 10 1 6 7 0 5 3 4 2
14 5 9 2 6 0 1 5 3 7 4
14 5 9 2 6 7 1 5 0 3 4
14 6 8 1 0 7 2 5 6 3 4
14 8 6 1 6 2 4 5 3 0 7
14 6 8 2 6 1 0 5 3 7 4
13 7 6 2 6 1 4 5 3 7 0
15 6 9 2 6 0 4 5 3 7 1
15 4 11 5 6 7 0 2 3 4 1
14 5 9 5 6 7 1 2 3 4 0
15 4 11 5 6 7 0 1 3 4 2
15 3 12 2 6 0 7 5 3 4 1
15 6 9 1 6 7 2 0 5 3 4
15 4 11 2 6 4 7 5 3 0 1
15 8 7 1 6 7 2 4 5 3 0
15 5 10 2 6 4 7 5 3 1 0
15 5 10 1 6 7 2 0 3 4 5
15 5 10 5 6 7 2 1 0 3 4
15 6 9 2 0 7 1 5 6 3 4
15 7 8 1 7 0 2 5 6 3 4
14 8 6 1 7 3 2 5 6 0 4
14 8 6 1 7 2 0 5 6 3 4
13 9 4 1 7 2 4 5 6 3 0
15 9 6 1 6 2 4 5 0 3 7
15 5 10 1 6 0 7 5 3 4 2
15 7 8 1 6 7 4 5 3 0 2
14 8 6 1 6 7 4 5 3 2 0
15 5 10 5 6 0 2 1 3 7 4
14 6 8 5 6 2 0 1 3 7 4
13 7 6 5 6 2 4 1 3 7 0
15 6 9 2 6 7 4 5 0 3 1
15 7 8 0 2 7 1 5 6 3 4
13 9 4 1 2 7 0 5 6 3 4
12 10 2 1 2 7 4 5 6 3 0
15 9 6 1 7 3 2 5 6 4 0
15 11 4 1 2 7 4 5 6 0 3
16 5 11 5 6 0 7 1 3 4 2
16 7 9 0 1 7 2 5 6 3 4
15 9 6 2 1 7 0 5 6 3 4
14 10 4 2 1 7 4 5 6 3 0
16 6 10 1 0 6 2 5 3 7 4
15 7 8 1 3 6 2 5 0 7 4
16 12 4 1 2 0 4 5 6 7 3
16 4 12 2 0 6 7 5 3 4 1
15 5 10 2 3 6 7 5 0 4 1
14 6 8 2 3 6 7 5 4 0 1
14 7 7 2 3 6 7 5 4 1 0
15 7 8 2 3 0 7 5 4 6 1
16 8 8 1 3 6 2 5 7 0 4
16 5 11 2 6 4 7 5 0 3 1
16 6 10 2 3 6 7 0 5 4 1
14 8 6 2 3 6 7 1 5 4 0
16 12 4 1 2 7 3 5 6 0 4
16 10 6 4 2 7 1 5 6 3 0
16 10 6 1 2 0 7 5 6 3 4
15 11 4 1 2 3 7 5 6 0 4
16 2 14 5 6 7 2 3 0 4 1
15 3 12 5 6 7 2 3 4 0 1
15 4 11 5 6 7 2 3 4 1 0
16 8 8 1 6 7 0 2 3 4 5
15 9 6 1 6 7 5 2 3 4 0
16 6 10 5 0 7 2 1 6 3 4
16 8 8 5 6 2 4 1 3 0 7
16 6 10 1 0 6 7 5 3 4 2
15 7 8 1 3 6 7 5 0 4 2
14 8 6 1 3 6 7 5 4 0 2
14 9 5 1 3 6 7 5 4 2 0
15 9 6 1 3 0 7 5 4 6 2
16 8 8 1 6 7 4 5 0 3 2
16 8 8 2 6 1 4 5 3 0 7
16 10 6 1 0 2 4 5 6 3 7
15 11 4 1 2 0 4 5 6 3 7
14 12 2 1 2 3 4 5 6 0 7
13 13 0 1 2 3 4 5 6 7 0
