0 0 0 0 6 7 2 5 3 4 1
0 3 5 1 6 7 2 5 3 4 0
0 4 6 1 6 7 0 5 3 4 2
0 7 5 1 6 7 4 5 3 0 2
0 8 4 1 6 0 4 5 3 7 2
0 8 4 1 6 7 4 5 3 2 0
0 9 4 1 0 6 4 5 3 7 2
0 10 4 1 3 6 4 5 0 7 2
0 9 5 1 6 4 0 5 3 7 2
0 10 4 1 6 4 2 5 3 7 0
0 8 5 1 6 7 4 5 0 3 2
0 9 4 1 0 7 4 5 6 3 2
0 10 4 1 7 0 4 5 6 3 2
0 11 3 1 7 3 4 5 6 0 2
0 12 2 1 7 3 4 5 6 2 0
0 12 4 1 7 3 4 5 0 6 2
0 13 4 1 7 3 0 5 6 2 4
0 14 4 1 7 3 4 0 6 2 5
0 15 4 0 7 3 4 5 6 2 1
0 15 4 1 7 0 4 5 6 2 3
0 13 4 1 0 3 4 5 7 6 2
0 16 4 7 0 3 4 5 6 2 1
0 16 4 1 7 2 4 5 6 0 3
0 17 3 1 7 2 4 5 6 3 0
0 16 4 1 0 7 4 5 6 2 3
0 16 4 1 7 3 2 5 6 0 4
0 17 3 1 7 3 2 5 6 4 0
0 17 4 1 0 3 4 7 6 2 5
0 18 4 1 7 3 0 5 6 4 2
0 11 5 1 3 6 4 0 5 7 2
0 13 4 1 3 6 4 2 5 7 0
0 11 5 1 7 4 0 5 6 3 2
0 12 4 1 7 4 2 5 6 3 0
0 18 5 1 3 0 4 7 6 2 5
0 14 5 1 0 6 4 3 5 7 2
0 14 5 1 3 6 0 2 5 7 4
0 17 4 1 3 6 7 2 5 0 4
0 18 3 1 3 0 7 2 5 6 4
0 18 3 1 3 6 7 2 5 4 0
0 18 4 1 3 6 7 2 0 5 4
0 19 4 1 0 3 7 2 5 6 4
0 21 4 1 3 0 7 2 5 4 6
0 19 4 1 3 7 0 2 5 6 4
0 20 3 1 3 7 4 2 5 6 0
0 20 4 1 5 3 7 2 0 6 4
0 22 4 1 3 4 7 2 5 0 6
0 23 2 1 3 4 7 2 5 6 0
0 23 4 1 3 0 4 2 5 6 7
0 25 4 1 3 4 7 0 5 6 2
0 26 4 0 3 4 7 2 5 6 1
0 24 4 1 3 4 0 2 5 6 7
0 26 4 1 3 4 7 5 0 6 2
0 29 4 5 3 4 7 2 0 6 1
0 23 4 1 3 4 7 2 0 5 6
0 24 4 1 3 4 0 2 5 6 7
0 21 5 1 7 3 5 0 6 4 2
0 23 4 1 7 3 5 2 6 4 0
0 18 5 0 1 3 4 7 6 2 5
0 21 4 5 1 3 4 7 6 2 0
0 19 5 1 7 0 3 5 6 4 2
0 27 5 1 3 4 6 2 5 0 7
0 28 4 1 3 4 6 2 5 7 0
0 24 5 1 0 3 5 7 6 4 2
0 22 5 5 1 3 4 7 6 0 2
0 23 5 5 1 3 4 0 6 2 7
0 24 4 0 1 3 4 5 6 2 7
0 25 3 1 0 3 4 5 6 2 7
0 27 3 7 1 3 4 5 6 2 0
0 26 4 1 6 3 4 5 0 2 7
0 26 4 1 3 0 4 5 6 2 7
0 28 4 7 1 3 4 5 6 0 2
0 27 4 1 6 3 4 5 2 0 7
0 28 2 1 6 3 4 5 2 7 0
0 27 4 1 3 2 4 5 6 0 7
0 28 2 1 3 2 4 5 6 7 0
0 31 3 1 3 0 4 5 6 7 2
0 32 2 1 0 3 4 5 6 7 2
0 33 3 1 6 3 4 5 0 7 2
0 33 3 0 1 3 4 5 6 7 2
0 36 2 2 1 3 4 5 6 7 0
0 29 4 1 6 3 0 5 2 7 4
0 30 4 1 6 3 4 0 2 7 5
0 35 4 4 1 3 0 5 6 7 2
0 36 3 4 1 3 2 5 6 7 0
0 36 4 6 1 3 4 5 0 7 2
0 37 4 2 1 3 0 5 6 7 4
0 38 4 2 1 3 4 0 6 7 5
0 39 4 0 1 3 2 5 6 7 4
0 40 3 1 0 3 2 5 6 7 4
0 37 4 6 0 3 4 5 1 7 2
0 39 4 0 1 3 2 5 6 7 4
0 39 4 0 1 3 4 2 6 7 5
0 40 3 1 0 3 4 2 6 7 5
0 42 3 5 1 3 4 2 6 7 0
0 41 4 1 6 3 4 2 0 7 5
0 41 4 1 3 0 4 2 6 7 5
0 44 4 5 1 3 4 0 6 7 2
0 41 4 2 0 3 4 1 6 7 5
0 42 3 0 2 3 4 1 6 7 5
0 43 2 1 2 3 4 0 6 7 5
0 45 0 1 2 3 4 5 6 7 0
