0 0 0 1 5 6 2 4 0 7 3
11 1 10 1 5 6 2 4 7 0 3
10 2 8 1 5 6 2 4 7 3 0
11 1 10 1 5 6 2 0 4 7 3
10 3 7 1 5 6 2 3 4 7 0
11 4 7 1 5 6 2 3 4 0 7
12 2 10 1 5 0 2 4 7 6 3
12 5 7 1 5 0 2 3 4 6 7
12 3 9 1 5 2 0 4 7 6 3
11 4 7 1 5 2 3 4 7 6 0
12 4 8 1 5 6 0 2 4 7 3
11 5 6 1 5 6 3 2 4 7 0
12 1 11 1 0 6 2 4 5 7 3
11 2 9 1 6 0 2 4 5 7 3
10 3 7 1 6 2 0 4 5 7 3
9 4 5 1 6 2 3 4 5 7 0
12 6 6 1 5 6 3 2 4 0 7
12 3 9 1 6 7 2 4 5 0 3
11 4 7 1 6 7 2 4 5 3 0
12 5 7 1 6 2 3 4 5 0 7
13 6 7 1 5 2 0 3 4 6 7
12 7 5 1 5 2 7 3 4 6 0
13 7 6 1 5 6 7 2 4 0 3
12 8 4 1 5 6 7 2 4 3 0
13 3 10 1 0 5 2 4 7 6 3
13 4 9 1 5 6 0 3 4 7 2
13 4 9 1 7 5 2 4 0 6 3
13 7 6 1 5 0 3 2 4 6 7
12 8 4 1 5 3 0 2 4 6 7
11 9 2 1 5 3 7 2 4 6 0
13 5 8 1 7 5 2 0 4 6 3
12 7 5 1 7 5 2 3 4 6 0
13 3 10 1 5 6 0 4 7 3 2
13 6 7 1 6 2 3 0 5 7 4
13 6 7 1 0 5 2 3 4 6 7
13 6 7 1 6 2 4 0 5 7 3
13 7 6 1 6 2 3 5 0 7 4
13 7 6 1 6 2 4 5 0 7 3
13 8 5 1 6 2 4 3 5 7 0
14 2 12 0 1 6 2 4 5 7 3
13 4 9 2 1 6 0 4 5 7 3
12 5 7 2 1 6 3 4 5 7 0
14 5 9 1 7 5 2 4 6 0 3
13 6 7 1 7 5 2 4 6 3 0
14 8 6 1 0 5 3 2 4 6 7
14 5 9 1 5 6 2 3 0 4 7
14 2 12 0 5 6 2 1 4 7 3
12 5 7 3 5 6 2 1 4 7 0
13 6 7 3 5 6 2 1 4 0 7
14 8 6 1 5 0 7 2 4 6 3
14 6 8 1 5 6 2 0 3 4 7
14 4 10 2 5 6 0 1 4 7 3
13 5 8 2 5 6 3 1 4 7 0
14 7 7 3 5 0 2 1 4 6 7
14 8 6 1 5 6 2 7 3 4 0
14 6 8 2 5 6 3 1 4 0 7
14 10 4 1 5 3 7 2 4 0 6
14 7 7 1 5 6 7 3 4 0 2
14 8 6 1 6 2 4 5 7 0 3
13 9 4 1 6 2 4 5 7 3 0
14 8 6 1 5 6 7 3 4 2 0
14 8 6 1 0 2 4 5 6 7 3
13 9 4 1 2 0 4 5 6 7 3
14 8 6 1 6 2 3 5 7 0 4
14 8 6 1 0 2 3 5 6 7 4
13 9 4 1 2 0 3 5 6 7 4
12 10 2 1 2 3 0 5 6 7 4
11 11 0 1 2 3 4 5 6 7 0
