0 0 0 1 5 6 2 4 0 7 3
0 1 6 1 0 6 2 4 5 7 3
0 1 6 1 5 6 2 0 4 7 3
0 3 5 1 5 6 2 3 4 7 0
0 4 5 1 0 6 2 5 4 7 3
0 4 5 1 5 6 0 2 4 7 3
0 5 4 1 5 6 3 2 4 7 0
0 7 4 1 5 6 7 2 4 0 3
0 8 3 1 5 0 7 2 4 6 3
0 9 2 1 0 5 7 2 4 6 3
0 8 3 1 5 6 7 2 4 3 0
0 10 3 1 4 5 7 2 0 6 3
0 10 3 0 1 5 7 2 4 6 3
0 13 2 3 1 5 7 2 4 6 0
0 11 4 1 5 0 7 2 4 3 6
0 12 3 1 0 5 7 2 4 3 6
0 13 4 4 1 5 7 2 0 6 3
0 14 4 3 1 5 7 2 4 0 6
0 15 4 3 1 5 7 0 4 6 2
0 14 4 3 1 5 0 2 4 6 7
0 13 4 0 1 5 7 2 4 3 6
0 16 3 6 1 5 7 2 4 3 0
0 11 4 2 1 5 7 0 4 6 3
0 13 3 2 1 5 7 3 4 6 0
0 12 4 7 1 5 0 2 4 6 3
0 13 3 7 1 5 3 2 4 6 0
0 17 4 6 1 5 7 2 4 0 3
0 14 4 2 0 5 7 1 4 6 3
0 16 4 0 1 5 3 2 4 6 7
0 17 3 1 0 5 3 2 4 6 7
0 16 4 0 1 5 7 3 4 6 2
0 17 3 1 0 5 7 3 4 6 2
0 11 4 1 4 5 7 2 6 0 3
0 12 3 1 4 5 7 2 6 3 0
0 16 4 0 1 5 3 2 4 6 7
0 18 4 1 5 0 7 3 4 6 2
0 18 4 1 5 0 3 2 4 6 7
0 18 4 3 0 5 7 1 4 6 2
0 19 3 0 3 5 7 1 4 6 2
0 20 2 1 3 5 7 0 4 6 2
0 22 0 1 3 5 7 2 4 6 0
