0 0 0 1 5 6 2 4 0 7 3
0 1 10 1 5 6 2 4 7 0 3
0 2 8 1 5 6 2 4 7 3 0
0 2 10 1 5 0 2 4 7 6 3
0 3 9 1 5 2 0 4 7 6 3
0 4 7 1 5 2 3 4 7 6 0
0 6 9 1 5 2 4 0 7 6 3
0 8 7 1 5 2 4 3 7 6 0
0 9 8 1 0 2 4 5 7 6 3
0 10 6 1 2 0 4 5 7 6 3
0 11 6 1 2 6 4 5 7 0 3
0 12 4 1 2 6 4 5 7 3 0
0 12 6 1 2 6 4 5 0 7 3
0 13 6 1 2 6 0 5 7 3 4
0 15 6 1 2 0 4 5 7 3 6
0 16 4 1 2 3 4 5 7 0 6
0 17 2 1 2 3 4 5 7 6 0
0 17 4 1 2 3 4 5 0 7 6
0 18 4 1 2 3 0 5 7 6 4
0 18 5 1 2 3 4 0 5 7 6
0 20 2 1 2 3 4 6 5 7 0
0 21 4 1 2 3 0 6 5 7 4
0 21 4 1 2 3 4 6 5 0 7
0 21 5 1 2 3 6 5 7 0 4
0 21 5 1 2 3 0 4 5 7 6
0 22 4 1 2 3 6 4 5 7 0
0 22 5 1 2 3 6 5 7 4 0
0 22 5 1 2 3 6 5 0 7 4
0 24 6 1 2 3 6 0 5 7 4
0 23 6 1 2 3 0 5 7 4 6
0 23 6 1 2 3 6 0 5 7 4
0 24 6 1 2 3 6 0 5 7 4
0 23 6 1 2 3 6 4 5 0 7
0 24 6 1 2 3 7 6 5 0 4
0 22 6 1 2 0 4 6 5 3 7
0 22 6 1 2 3 4 6 0 5 7
0 23 5 1 2 3 4 0 6 5 7
0 25 4 1 2 3 4 7 6 5 0
0 26 5 1 2 3 0 4 6 5 7
0 29 4 1 2 3 5 4 6 0 7
0 30 2 1 2 3 5 4 6 7 0
0 31 4 1 2 3 0 4 6 7 5
0 32 4 1 2 3 5 0 6 7 4
0 35 2 1 2 3 0 5 6 7 4
0 36 0 1 2 3 4 5 6 7 0
