0 0 0 3 1 5 6 2 0 7 4
0 1 6 3 0 5 6 2 1 7 4
0 2 5 0 3 5 6 2 1 7 4
0 5 4 1 3 5 6 2 0 7 4
0 5 4 4 3 5 6 2 1 7 0
0 6 4 1 3 5 6 2 7 0 4
0 7 3 1 3 5 6 2 7 4 0
0 8 4 1 3 5 0 2 7 4 6
0 11 4 1 3 5 4 2 7 0 6
0 12 2 1 3 5 4 2 7 6 0
0 13 3 1 3 5 0 2 7 6 4
0 15 4 1 3 0 4 2 7 6 5
0 14 4 1 3 0 5 2 7 6 4
0 15 4 0 3 5 1 2 7 6 4
0 18 3 4 3 5 1 2 7 6 0
0 16 4 1 3 4 0 2 7 6 5
0 17 3 1 3 4 5 2 7 6 0
0 18 4 7 3 5 1 2 0 6 4
0 14 4 1 3 5 4 0 7 6 2
0 15 4 0 3 5 4 2 7 6 1
0 16 4 1 3 5 2 0 7 6 4
0 18 3 1 3 5 2 4 7 6 0
0 18 4 7 3 5 4 2 0 6 1
0 17 4 1 3 5 2 7 0 6 4
0 19 4 1 3 5 0 4 7 6 2
0 15 4 1 3 5 4 7 0 6 2
0 17 4 1 3 5 0 4 7 6 2
0 17 4 4 3 5 0 2 7 6 1
0 12 4 1 3 5 4 2 0 7 6
0 19 4 4 3 5 0 2 7 6 1
0 9 5 1 3 0 5 2 7 4 6
0 21 5 4 3 0 1 2 7 6 5
0 6 5 1 0 5 6 2 3 7 4
0 20 5 1 3 5 6 4 7 0 2
0 21 4 1 3 5 6 4 7 2 0
0 13 5 1 3 5 4 0 2 7 6
0 15 4 1 3 5 4 6 2 7 0
0 18 5 4 3 0 5 2 7 6 1
0 16 5 1 3 5 4 7 6 0 2
0 17 4 1 3 5 4 7 6 2 0
0 21 5 1 3 5 6 4 0 7 2
0 22 4 1 3 5 6 0 4 7 2
0 24 2 1 3 5 6 2 4 7 0
0 25 3 1 3 5 0 2 4 7 6
0 28 2 1 3 5 7 2 4 0 6
0 29 0 1 3 5 7 2 4 6 0
