0 0 0 3 1 5 6 2 0 7 4
0 1 9 3 1 5 6 2 7 0 4
0 2 7 3 1 5 6 2 7 4 0
0 3 7 3 1 5 0 2 7 4 6
0 6 8 3 1 5 4 2 7 0 6
0 7 6 3 1 5 4 2 7 6 0
0 8 7 3 1 5 0 2 7 6 4
0 7 9 3 1 5 4 2 0 7 6
0 9 9 3 1 0 5 2 7 6 4
0 4 9 3 1 0 5 2 7 4 6
0 6 9 3 1 5 2 0 7 4 6
0 7 8 3 1 5 2 7 0 4 6
0 8 6 3 1 5 2 7 4 0 6
0 9 4 3 1 5 2 7 4 6 0
0 10 6 3 1 5 0 7 4 6 2
0 11 6 3 1 5 2 0 4 6 7
0 14 4 3 1 5 0 2 4 6 7
0 15 2 3 1 5 7 2 4 6 0
0 16 4 3 1 5 7 2 4 0 6
0 13 6 3 1 5 7 0 4 6 2
0 18 6 3 1 0 7 2 4 6 5
0 17 6 3 1 0 7 2 4 5 6
0 17 6 3 1 5 7 2 0 4 6
0 19 6 3 1 6 7 2 4 0 5
0 20 4 3 1 6 7 2 4 5 0
0 19 6 3 1 7 0 2 4 6 5
0 20 4 3 1 7 5 2 4 6 0
0 21 6 3 1 6 0 2 4 5 7
0 21 6 3 1 7 5 2 4 0 6
0 23 6 3 1 0 5 2 4 6 7
0 24 6 3 1 6 5 2 4 0 7
0 24 6 3 1 6 5 2 4 0 7
0 25 6 3 1 6 5 2 4 7 0
0 25 6 3 1 6 5 2 4 7 0
0 18 6 3 1 7 0 2 4 5 6
0 15 6 3 1 0 5 2 4 6 7
0 17 6 3 1 5 6 2 4 0 7
0 17 6 3 1 5 7 0 4 6 2
0 19 6 3 1 7 6 2 4 5 0
0 18 6 3 1 5 6 2 4 7 0
0 19 6 3 1 5 0 2 4 7 6
0 18 7 3 1 5 7 0 2 4 6
0 20 6 3 1 5 7 6 2 4 0
0 16 7 3 0 5 7 1 4 6 2
0 17 6 0 3 5 7 1 4 6 2
0 20 2 2 3 5 7 1 4 6 0
0 18 4 1 3 5 7 0 4 6 2
0 20 0 1 3 5 7 2 4 6 0
