0 0 0 3 4 6 2 7 0 5 1
12 1 11 3 0 6 2 7 4 5 1
12 1 11 3 4 6 2 7 5 0 1
12 2 10 0 3 6 2 7 4 5 1
9 5 4 1 3 6 2 7 4 5 0
12 4 8 2 3 6 0 7 4 5 1
11 5 6 2 3 6 1 7 4 5 0
12 2 10 3 4 6 2 7 5 1 0
12 6 6 1 3 6 0 7 4 5 2
12 6 6 1 3 6 2 7 4 0 5
13 2 11 3 6 0 2 7 4 5 1
12 3 9 3 6 5 2 7 4 0 1
12 4 8 3 6 5 2 7 4 1 0
13 1 12 3 4 6 2 0 7 5 1
11 3 8 3 4 6 2 1 7 5 0
13 3 10 7 3 6 2 0 4 5 1
11 5 6 7 3 6 2 1 4 5 0
13 7 6 1 3 6 2 0 4 5 7
13 7 6 1 3 0 2 7 4 6 5
13 2 11 3 4 0 2 7 5 6 1
14 6 8 2 3 6 1 7 4 0 5
14 3 11 3 6 2 0 7 4 5 1
13 4 9 3 6 2 1 7 4 5 0
14 10 4 1 3 6 0 2 4 5 7
13 11 2 1 3 6 7 2 4 5 0
14 8 6 1 3 2 0 7 4 6 5
13 9 4 1 3 2 5 7 4 6 0
14 3 11 3 4 2 0 7 5 6 1
13 4 9 3 4 2 1 7 5 6 0
14 6 8 7 3 6 0 2 4 5 1
13 7 6 7 3 6 1 2 4 5 0
14 4 10 3 4 6 2 1 7 0 5
14 4 10 3 4 6 0 1 7 5 2
14 6 8 7 3 6 0 1 4 5 2
14 8 6 1 3 0 2 7 4 5 6
13 9 4 1 3 5 2 7 4 0 6
12 10 2 1 3 5 2 7 4 6 0
14 6 8 7 3 6 2 1 4 0 5
14 4 10 3 4 6 0 2 7 5 1
13 5 8 3 4 6 1 2 7 5 0
15 7 8 1 3 6 2 7 0 4 5
15 7 8 2 3 6 5 7 4 0 1
15 7 8 2 3 6 1 0 4 5 7
15 8 7 2 3 6 5 7 4 1 0
15 7 8 2 3 6 7 0 4 5 1
13 9 4 2 3 6 7 1 4 5 0
15 4 11 3 6 5 2 7 0 4 1
15 5 10 2 3 0 6 7 4 5 1
14 6 8 2 3 5 6 7 4 0 1
14 7 7 2 3 5 6 7 4 1 0
15 5 10 3 6 5 0 7 4 1 2
15 9 6 1 3 6 5 7 4 0 2
15 3 12 3 4 6 0 7 5 1 2
15 10 5 1 3 6 5 7 4 2 0
15 9 6 1 3 6 7 0 4 5 2
15 7 8 7 3 0 2 1 4 6 5
15 11 4 1 3 5 0 7 4 6 2
15 8 7 1 3 6 2 4 0 5 7
15 8 7 2 3 5 0 7 4 1 6
15 7 8 1 3 0 6 7 4 5 2
14 8 6 1 3 5 6 7 4 0 2
14 9 5 1 3 5 6 7 4 2 0
15 4 11 7 3 6 2 4 0 5 1
15 5 10 3 4 0 2 1 7 6 5
15 7 8 2 3 0 1 7 4 6 5
15 9 6 1 3 2 0 7 4 5 6
15 10 5 1 3 5 0 7 4 2 6
15 8 7 2 3 1 0 7 4 6 5
14 9 5 2 3 1 5 7 4 6 0
16 2 14 0 4 6 2 3 7 5 1
13 5 8 1 4 6 2 3 7 5 0
16 10 6 1 3 0 5 7 4 6 2
16 10 6 1 3 2 5 7 4 0 6
16 10 6 2 3 6 7 1 4 0 5
16 6 10 3 6 5 2 0 4 1 7
16 5 11 3 0 5 2 7 6 4 1
16 8 8 1 0 3 2 7 4 6 5
16 10 6 2 3 6 0 1 4 5 7
16 8 8 0 3 6 7 2 4 5 1
16 5 11 3 6 2 1 7 4 0 5
16 8 8 0 3 6 1 2 4 5 7
16 10 6 2 3 6 0 1 4 5 7
16 6 10 0 3 5 2 7 6 4 1
13 9 4 1 3 5 2 7 6 4 0
16 12 4 1 3 6 7 2 4 0 5
16 3 13 3 0 4 2 7 5 6 1
15 4 11 3 5 4 2 7 0 6 1
16 5 11 4 3 6 2 7 0 5 1
16 6 10 3 4 6 1 2 7 0 5
16 12 4 1 3 5 2 0 4 6 7
16 4 12 0 3 4 2 7 5 6 1
13 7 6 1 3 4 2 7 5 6 0
16 5 11 3 5 4 2 7 6 0 1
16 10 6 1 3 5 2 7 0 4 6
16 10 6 1 3 5 0 7 6 4 2
16 6 10 2 3 4 0 7 5 6 1
15 7 8 2 3 4 1 7 5 6 0
16 8 8 1 3 4 0 7 5 6 2
16 8 8 1 3 4 2 7 5 0 6
16 6 10 3 5 4 2 7 6 1 0
16 10 6 1 3 5 2 7 6 0 4
16 6 10 3 4 0 2 1 7 5 6
15 7 8 3 4 5 2 1 7 0 6
14 8 6 3 4 5 2 1 7 6 0
16 8 8 2 3 5 0 7 6 4 1
15 9 6 2 3 5 1 7 6 4 0
16 8 8 0 3 6 7 1 4 5 2
16 8 8 0 3 6 2 1 4 5 7
16 8 8 0 3 6 2 1 4 5 7
16 8 8 7 3 2 0 1 4 6 5
15 9 6 7 3 2 5 1 4 6 0
16 8 8 2 3 0 5 7 4 6 1
15 9 6 2 3 5 0 7 4 6 1
14 10 4 2 3 5 1 7 4 6 0
16 5 11 3 4 6 2 1 0 7 5
16 4 12 2 4 6 0 3 7 5 1
15 5 10 2 4 6 1 3 7 5 0
16 8 8 7 3 6 1 2 4 0 5
16 6 10 1 4 6 2 3 7 0 5
16 6 10 1 4 6 0 3 7 5 2
16 8 8 2 3 0 1 7 4 5 6
15 9 6 2 3 5 1 7 4 0 6
16 9 7 1 3 6 2 4 5 0 7
16 10 6 1 3 2 6 7 4 5 0
16 9 7 2 3 1 0 7 4 5 6
16 6 10 3 4 2 0 1 7 6 5
15 7 8 3 4 2 5 1 7 6 0
16 5 11 7 3 6 2 4 5 0 1
16 4 12 3 4 6 2 0 5 1 7
16 5 11 3 4 2 1 7 5 0 6
16 8 8 7 3 0 2 1 4 5 6
15 9 6 7 3 5 2 1 4 0 6
14 10 4 7 3 5 2 1 4 6 0
16 8 8 0 3 6 7 2 4 5 1
16 6 10 7 3 6 2 4 5 1 0
17 8 9 3 6 5 1 7 4 0 2
17 6 11 3 4 2 7 0 5 6 1
15 8 7 3 4 2 7 1 5 6 0
17 10 7 2 3 1 6 7 4 5 0
17 10 7 1 3 0 2 4 5 6 7
17 10 7 1 3 6 2 4 5 7 0
17 7 10 1 4 0 2 3 7 6 5
17 9 8 7 3 0 1 2 4 6 5
17 6 11 3 0 6 2 1 4 7 5
17 7 10 7 3 6 2 1 0 4 5
17 4 13 3 0 6 2 4 7 5 1
17 13 4 1 3 6 5 2 4 0 7
17 11 6 1 3 2 5 0 4 6 7
17 11 6 1 3 2 7 0 4 6 5
17 9 8 3 4 5 0 1 7 6 2
17 10 7 1 3 6 7 4 0 5 2
17 11 6 1 3 0 6 2 4 5 7
16 12 4 1 3 5 6 2 4 0 7
17 11 6 1 3 5 2 7 0 6 4
17 7 10 3 4 2 0 1 7 5 6
17 8 9 3 4 5 2 1 0 7 6
17 9 8 1 3 4 2 7 0 5 6
17 7 10 2 3 5 6 7 0 4 1
17 9 8 3 6 5 0 2 4 1 7
16 10 6 3 6 5 7 2 4 1 0
17 9 8 1 3 0 2 7 5 4 6
17 6 11 3 6 2 1 0 4 5 7
17 8 9 2 3 6 7 4 0 5 1
17 6 11 3 6 2 5 7 4 0 1
17 7 10 2 3 6 1 7 0 4 5
17 5 12 7 3 4 2 0 5 6 1
15 7 8 7 3 4 2 1 5 6 0
17 6 11 3 5 0 2 7 6 4 1
17 8 9 1 3 6 2 0 7 4 5
17 5 12 3 5 4 2 0 7 6 1
15 7 8 3 5 4 2 1 7 6 0
17 6 11 3 6 2 7 0 4 5 1
15 8 7 3 6 2 7 1 4 5 0
17 8 9 2 3 6 1 4 0 5 7
17 6 11 4 3 6 2 7 5 0 1
17 7 10 3 4 0 1 2 7 6 5
17 5 12 3 4 0 6 2 7 5 1
16 6 10 3 4 5 6 2 7 0 1
16 7 9 3 4 5 6 2 7 1 0
17 11 6 1 3 5 2 0 6 4 7
17 7 10 3 4 6 5 2 7 0 1
17 7 10 4 3 6 2 7 5 1 0
17 8 9 3 4 5 0 2 7 1 6
17 8 9 3 4 1 0 2 7 6 5
16 9 7 3 4 1 5 2 7 6 0
17 8 9 3 4 6 5 2 7 1 0
17 15 2 1 3 5 0 2 4 6 7
16 16 0 1 3 5 7 2 4 6 0
