0 0 0 2 1 3 6 4 0 5 7
9 1 8 2 1 3 6 4 5 0 7
8 2 6 2 1 3 6 4 5 7 0
10 1 9 2 1 3 6 0 4 5 7
10 3 7 2 1 3 0 4 5 7 6
10 3 7 2 1 3 6 7 4 5 0
11 2 9 0 1 3 6 2 4 5 7
11 4 7 2 1 3 0 7 4 5 6
11 3 8 1 0 3 6 2 4 5 7
10 4 6 1 3 0 6 2 4 5 7
9 5 4 1 3 5 6 2 4 0 7
9 5 4 1 3 6 0 2 4 5 7
8 6 2 1 3 6 7 2 4 5 0
10 6 4 1 3 5 6 2 4 7 0
11 7 4 1 3 6 7 2 4 0 5
11 7 4 1 3 5 0 2 4 7 6
12 8 4 1 3 6 5 2 4 0 7
12 6 6 1 3 5 6 2 0 4 7
12 2 10 2 1 0 6 4 5 3 7
12 4 8 2 1 3 0 6 4 5 7
11 5 6 2 1 3 7 6 4 5 0
12 4 8 1 4 3 6 2 0 5 7
12 3 9 2 1 6 0 4 5 3 7
12 5 7 7 1 3 6 2 4 5 0
12 4 8 2 1 6 7 4 5 3 0
12 10 2 1 3 5 7 2 4 0 6
11 11 0 1 3 5 7 2 4 6 0
