0 0 0 2 1 3 6 4 0 5 7
0 1 8 2 1 3 6 4 5 0 7
0 2 6 2 1 3 6 4 5 7 0
0 3 7 2 1 3 0 4 5 7 6
0 6 7 2 1 3 4 0 5 7 6
0 8 4 2 1 3 4 6 5 7 0
0 7 6 2 1 3 4 5 0 7 6
0 9 6 2 1 3 0 6 5 7 4
0 9 6 2 1 3 4 6 5 0 7
0 8 6 2 1 3 4 5 7 0 6
0 9 4 2 1 3 4 5 7 6 0
0 10 6 2 1 3 0 5 7 6 4
0 13 7 2 1 3 6 5 7 0 4
0 14 7 2 1 3 6 5 7 4 0
0 14 7 2 1 3 6 5 0 7 4
0 10 8 2 1 3 4 6 0 5 7
0 11 7 2 1 3 4 0 6 5 7
0 13 6 2 1 3 4 7 6 5 0
0 14 7 2 1 3 0 4 6 5 7
0 15 6 2 1 3 7 4 6 5 0
0 17 6 2 1 3 5 4 6 0 7
0 18 4 2 1 3 5 4 6 7 0
0 19 6 2 1 3 0 4 6 7 5
0 20 6 2 1 3 5 0 6 7 4
0 23 4 2 1 3 0 5 6 7 4
0 24 2 2 1 3 4 5 6 7 0
0 25 4 2 1 3 4 5 6 0 7
0 22 6 2 1 3 4 0 6 7 5
0 24 6 2 1 0 3 5 6 7 4
0 26 6 2 1 3 7 5 6 0 4
0 26 6 2 1 3 4 0 6 7 5
0 27 6 2 1 0 4 5 6 7 3
0 26 6 2 1 0 4 5 6 3 7
0 26 6 2 1 3 4 5 0 6 7
0 27 6 2 1 3 7 5 6 4 0
0 28 6 2 1 7 4 5 6 0 3
0 29 4 2 1 7 4 5 6 3 0
0 28 6 2 1 4 0 5 6 7 3
0 29 4 2 1 4 3 5 6 7 0
0 27 6 2 1 4 0 5 6 3 7
0 30 6 2 1 7 0 5 6 3 4
0 30 6 2 1 4 3 5 6 0 7
0 28 6 2 1 4 7 5 6 3 0
0 30 6 2 1 4 3 5 6 0 7
0 33 6 2 1 7 3 5 6 0 4
0 28 6 2 1 3 0 5 6 4 7
0 34 6 2 1 7 3 5 6 4 0
0 25 6 2 1 7 3 5 6 0 4
0 25 7 0 1 3 2 5 6 7 4
0 28 5 4 1 3 2 5 6 7 0
0 26 6 1 0 3 2 5 6 7 4
0 27 6 1 6 3 2 5 0 7 4
0 27 6 1 3 0 2 5 6 7 4
0 28 4 1 3 2 0 5 6 7 4
0 29 2 1 3 2 4 5 6 7 0
0 30 4 1 3 2 4 5 6 0 7
0 28 6 1 6 3 2 5 7 0 4
0 28 6 1 3 7 2 5 6 0 4
0 31 6 1 3 2 5 0 6 7 4
0 33 4 1 3 2 5 4 6 7 0
0 31 6 1 3 2 4 5 0 6 7
0 29 6 1 6 3 2 5 7 4 0
0 29 6 1 3 7 2 5 6 4 0
0 34 6 1 3 2 0 4 6 7 5
0 34 6 1 3 2 5 4 6 0 7
0 31 6 1 3 2 7 5 6 0 4
0 32 6 1 3 0 4 5 6 7 2
0 31 6 1 3 0 4 5 6 2 7
0 31 6 1 3 2 4 0 6 7 5
0 37 6 1 3 2 4 0 6 7 5
0 32 6 1 3 2 7 5 6 4 0
0 32 6 1 0 3 4 5 6 2 7
0 33 6 1 3 7 4 5 6 0 2
0 34 4 1 3 7 4 5 6 2 0
0 33 6 1 3 4 0 5 6 7 2
0 34 4 1 3 4 2 5 6 7 0
0 33 6 1 3 2 0 5 6 4 7
0 33 6 1 6 3 4 5 0 2 7
0 34 4 1 6 3 4 5 2 0 7
0 35 2 1 6 3 4 5 2 7 0
0 36 4 1 6 3 0 5 2 7 4
0 35 6 1 3 7 0 5 6 2 4
0 35 6 1 3 4 2 5 6 0 7
0 35 6 1 6 0 4 5 2 3 7
0 37 6 1 6 3 4 0 2 7 5
0 39 6 1 6 3 5 0 2 7 4
0 41 4 1 6 3 5 4 2 7 0
0 39 6 1 6 3 7 5 2 0 4
0 38 6 1 6 0 4 5 2 7 3
0 40 6 1 6 3 0 4 2 7 5
0 42 6 1 6 3 0 4 2 7 5
0 42 6 1 6 3 5 4 2 0 7
0 40 6 1 6 3 7 5 2 4 0
0 39 6 1 6 7 4 5 2 0 3
0 40 4 1 6 7 4 5 2 3 0
0 41 6 1 6 3 0 5 2 4 7
0 41 6 1 6 7 0 5 2 3 4
0 39 6 1 6 4 0 5 2 7 3
0 40 4 1 6 4 3 5 2 7 0
0 44 6 1 6 7 3 5 2 0 4
0 41 6 1 6 4 3 5 2 0 7
0 43 6 1 6 0 3 5 2 7 4
0 45 6 1 6 0 3 5 2 7 4
0 45 6 1 6 7 3 5 2 4 0
0 36 6 1 6 4 0 5 2 3 7
0 37 6 1 6 0 3 5 2 7 4
0 37 6 1 6 4 7 5 2 3 0
0 33 6 1 0 3 4 5 6 7 2
0 32 6 1 3 4 0 5 6 2 7
0 34 6 1 6 3 4 5 0 7 2
0 33 6 1 3 4 7 5 6 2 0
0 35 6 1 6 3 4 5 7 0 2
0 36 4 1 6 3 4 5 7 2 0
0 37 6 1 6 3 0 5 7 2 4
0 35 7 1 6 3 4 0 5 7 2
0 37 4 1 6 3 4 2 5 7 0
0 38 6 1 6 3 0 2 5 7 4
0 38 6 1 6 3 4 2 5 0 7
0 29 7 2 0 3 4 1 6 7 5
0 30 6 0 2 3 4 1 6 7 5
0 33 2 5 2 3 4 1 6 7 0
0 31 4 1 2 3 4 0 6 7 5
0 33 0 1 2 3 4 5 6 7 0
