0 0 0 2 1 3 6 4 0 5 7
0 1 7 2 0 3 6 4 1 5 7
0 2 6 0 2 3 6 4 1 5 7
0 5 5 1 2 3 6 4 0 5 7
0 5 5 7 2 3 6 4 1 5 0
0 6 5 1 2 3 6 4 5 0 7
0 7 3 1 2 3 6 4 5 7 0
0 8 4 1 2 3 0 4 5 7 6
0 11 3 1 2 3 4 0 5 7 6
0 12 2 1 2 3 4 5 0 7 6
0 13 2 1 2 3 4 6 5 7 0
0 13 3 1 0 3 4 5 2 7 6
0 13 3 1 2 3 4 5 7 0 6
0 14 2 1 2 3 4 5 7 6 0
0 14 4 1 2 3 4 6 5 0 7
0 16 4 0 2 3 4 6 5 7 1
0 15 4 1 2 3 0 5 7 6 4
0 17 4 0 2 3 4 5 7 6 1
0 17 4 1 2 0 4 5 7 6 3
0 16 4 1 2 3 4 0 7 6 5
0 16 4 1 2 0 4 6 5 7 3
0 14 4 1 3 0 4 5 2 7 6
0 14 4 1 2 0 4 5 7 3 6
0 14 4 0 1 3 4 5 2 7 6
0 17 3 6 1 3 4 5 2 7 0
0 9 4 1 2 3 6 0 5 7 4
0 10 3 1 2 3 6 5 0 7 4
0 17 4 2 1 3 4 5 0 7 6
0 12 4 1 2 3 0 6 5 7 4
0 11 4 1 0 3 6 5 2 7 4
0 11 4 1 2 3 6 5 7 0 4
0 12 3 1 2 3 6 5 7 4 0
0 18 4 2 0 3 4 5 1 7 6
0 19 3 0 2 3 4 5 1 7 6
0 22 2 6 2 3 4 5 1 7 0
0 14 4 1 2 3 0 6 5 7 4
0 20 4 7 2 3 4 5 0 6 1
0 21 3 7 2 3 4 5 6 0 1
0 22 2 7 2 3 4 5 6 1 0
0 25 3 0 2 3 4 5 6 1 7
0 18 4 1 2 6 4 5 7 0 3
0 19 3 1 2 6 4 5 7 3 0
0 19 3 1 2 6 4 5 0 7 3
0 25 4 6 2 0 4 5 1 7 3
0 23 4 7 2 3 0 5 6 1 4
0 24 4 7 2 3 4 0 6 1 5
0 20 4 1 0 6 4 5 2 7 3
0 20 4 1 2 6 4 0 5 7 3
0 22 3 1 2 6 4 3 5 7 0
0 21 4 1 6 0 4 5 2 7 3
0 25 4 1 2 0 4 3 5 7 6
0 25 4 0 2 3 7 5 6 1 4
0 28 3 4 2 3 7 5 6 1 0
0 26 4 7 2 3 1 5 6 0 4
0 27 3 7 2 3 1 5 6 4 0
0 29 4 4 2 3 0 5 6 1 7
0 29 4 4 2 3 7 5 6 0 1
0 28 4 7 2 3 0 5 6 4 1
0 30 4 0 2 3 1 5 6 4 7
0 32 3 1 2 3 0 5 6 4 7
0 33 2 1 2 3 7 5 6 4 0
0 35 2 1 2 3 4 5 6 0 7
0 36 0 1 2 3 4 5 6 7 0
