0 0 0 6 5 2 4 1 0 7 3
0 1 10 6 0 2 4 1 5 7 3
0 2 8 6 2 0 4 1 5 7 3
0 3 8 6 2 7 4 1 5 0 3
0 4 6 6 2 7 4 1 5 3 0
0 3 8 6 2 4 0 1 5 7 3
0 4 6 6 2 4 3 1 5 7 0
0 5 8 6 2 7 0 1 5 3 4
0 5 8 6 2 4 3 1 5 0 7
0 7 8 6 2 0 3 1 5 7 4
0 8 6 6 2 3 0 1 5 7 4
0 9 4 6 2 3 4 1 5 7 0
0 10 6 6 2 3 4 1 5 0 7
0 12 7 0 2 3 4 1 5 7 6
0 13 5 1 2 3 4 0 5 7 6
0 15 2 1 2 3 4 6 5 7 0
0 14 4 1 2 3 4 5 0 7 6
0 16 4 1 2 3 0 6 5 7 4
0 16 4 1 2 3 4 6 5 0 7
0 15 4 1 2 3 4 5 7 0 6
0 16 2 1 2 3 4 5 7 6 0
0 17 4 1 2 3 0 5 7 6 4
0 16 5 1 2 3 0 4 5 7 6
0 17 4 1 2 3 6 4 5 7 0
0 20 5 1 2 3 6 5 7 0 4
0 21 5 1 2 3 6 5 7 4 0
0 21 5 1 2 3 6 5 0 7 4
0 15 6 5 2 3 4 1 0 7 6
0 22 6 1 2 3 0 5 7 4 6
0 22 6 1 2 3 6 0 5 7 4
0 16 6 5 2 3 4 1 7 0 6
0 17 4 5 2 3 4 1 7 6 0
0 19 6 1 2 3 6 0 5 7 4
0 18 6 1 2 3 6 4 5 0 7
0 19 6 1 2 0 4 5 7 6 3
0 18 6 1 2 0 3 5 7 6 4
0 20 6 1 2 3 5 0 7 6 4
0 22 4 1 2 3 5 4 7 6 0
0 17 6 1 2 0 4 6 5 3 7
0 18 6 1 2 3 4 0 7 6 5
0 16 6 1 2 0 4 5 7 3 6
0 18 6 1 2 4 0 6 5 3 7
0 21 6 1 2 3 0 4 7 6 5
0 17 6 1 2 4 0 5 7 3 6
0 18 5 1 2 4 6 5 7 3 0
0 19 6 1 2 4 7 6 5 3 0
0 21 6 1 2 4 3 6 5 0 7
0 22 4 1 2 4 3 6 5 7 0
0 20 6 1 2 4 3 5 7 0 6
0 21 4 1 2 4 3 5 7 6 0
0 23 6 1 2 4 0 6 5 7 3
0 25 6 1 2 0 3 6 5 7 4
0 21 6 1 2 4 3 5 0 7 6
0 22 6 1 2 4 0 5 7 6 3
0 24 6 1 2 0 4 6 5 7 3
0 26 6 1 2 7 3 6 5 0 4
0 25 6 1 2 7 4 6 5 0 3
0 26 4 1 2 7 4 6 5 3 0
0 27 6 1 2 7 3 6 5 4 0
0 27 6 1 2 7 0 6 5 3 4
0 17 6 1 2 3 4 6 0 5 7
0 18 5 1 2 3 4 0 6 5 7
0 20 4 1 2 3 4 7 6 5 0
0 21 5 1 2 3 0 4 6 5 7
0 24 4 1 2 3 5 4 6 0 7
0 25 2 1 2 3 5 4 6 7 0
0 26 4 1 2 3 0 4 6 7 5
0 27 4 1 2 3 5 0 6 7 4
0 30 2 1 2 3 0 5 6 7 4
0 31 0 1 2 3 4 5 6 7 0
