0 0 0 3 0 6 5 1 7 4 2
8 1 7 0 3 6 5 1 7 4 2
8 2 6 1 3 6 5 0 7 4 2
8 4 4 1 3 6 5 2 7 4 0
9 1 8 3 6 0 5 1 7 4 2
9 3 6 1 3 6 5 7 0 4 2
9 2 7 3 6 5 0 1 7 4 2
9 4 5 1 3 6 5 7 4 0 2
9 3 6 3 6 5 2 1 7 4 0
9 1 8 3 7 6 5 1 0 4 2
9 5 4 1 3 0 5 7 4 6 2
9 5 4 1 3 6 5 7 4 2 0
9 2 7 3 7 6 5 1 4 0 2
9 6 3 1 3 5 0 7 4 6 2
9 3 6 3 7 0 5 1 4 6 2
9 3 6 3 7 6 5 1 4 2 0
9 7 2 1 3 5 2 7 4 6 0
9 4 5 3 7 5 0 1 4 6 2
9 5 4 3 7 5 2 1 4 6 0
10 4 6 2 3 6 5 1 7 4 0
10 2 8 3 6 4 5 1 7 0 2
10 4 6 3 0 7 5 1 4 6 2
10 5 5 1 3 6 5 2 7 0 4
10 5 5 0 3 7 5 1 4 6 2
10 6 4 1 3 0 5 2 7 6 4
10 6 4 1 3 7 5 0 4 6 2
10 7 3 1 3 5 0 2 7 6 4
10 8 2 1 3 7 5 2 4 6 0
10 8 2 1 3 5 4 2 7 6 0
10 3 7 3 6 4 5 1 7 2 0
10 3 7 3 6 4 5 1 0 7 2
10 2 8 3 7 6 5 0 1 4 2
10 5 5 1 3 6 0 2 7 4 5
10 3 7 5 3 6 0 1 7 4 2
10 4 6 3 0 4 5 1 6 7 2
10 4 6 3 7 6 5 2 1 4 0
10 4 6 5 3 6 2 1 7 4 0
11 6 5 1 3 6 5 2 0 7 4
11 9 2 1 3 5 7 0 4 6 2
11 5 6 1 3 6 0 5 7 4 2
11 4 7 3 7 6 0 1 4 2 5
11 4 7 0 6 5 3 1 7 4 2
11 4 7 1 0 6 5 7 3 4 2
11 6 5 1 0 3 5 7 4 6 2
11 6 5 1 3 6 0 7 4 2 5
11 11 0 1 3 5 7 2 4 6 0
