0 0 0 3 0 6 5 1 7 4 2
12 1 11 3 7 6 5 1 0 4 2
11 2 9 3 7 6 5 1 4 0 2
11 3 8 3 7 6 5 1 4 2 0
12 1 11 0 3 6 5 1 7 4 2
11 2 9 1 3 6 5 0 7 4 2
9 4 5 1 3 6 5 2 7 4 0
11 4 7 2 3 6 5 1 7 4 0
11 3 8 1 3 6 5 7 0 4 2
10 4 6 1 3 6 5 7 4 0 2
10 5 5 1 3 6 5 7 4 2 0
11 5 6 1 3 0 5 7 4 6 2
10 6 4 1 3 5 0 7 4 6 2
9 7 2 1 3 5 2 7 4 6 0
12 5 7 1 3 6 5 2 7 0 4
12 8 4 1 3 5 2 7 4 0 6
12 5 7 1 3 6 0 2 7 4 5
12 3 9 3 7 0 5 1 4 6 2
11 4 7 3 7 5 0 1 4 6 2
10 5 5 3 7 5 2 1 4 6 0
13 9 4 1 3 5 2 0 4 6 7
13 9 4 1 3 5 7 0 4 6 2
11 11 0 1 3 5 7 2 4 6 0
