0 0 0 3 0 6 5 1 7 4 2
0 1 7 0 3 6 5 1 7 4 2
0 2 6 1 3 6 5 0 7 4 2
0 4 4 1 3 6 5 2 7 4 0
0 5 5 1 3 6 0 2 7 4 5
0 7 5 1 3 0 5 2 7 4 6
0 8 4 1 3 5 0 2 7 4 6
0 9 3 1 3 5 6 2 7 4 0
0 11 4 1 3 5 4 2 7 0 6
0 12 2 1 3 5 4 2 7 6 0
0 13 3 1 3 5 0 2 7 6 4
0 10 4 1 3 5 6 2 7 0 4
0 15 4 1 3 0 4 2 7 6 5
0 14 4 1 3 0 5 2 7 6 4
0 16 4 1 3 5 2 0 7 6 4
0 18 3 1 3 5 2 4 7 6 0
0 15 4 0 3 5 1 2 7 6 4
0 18 3 4 3 5 1 2 7 6 0
0 14 4 1 3 5 4 0 7 6 2
0 15 4 0 3 5 4 2 7 6 1
0 15 4 1 3 5 4 7 0 6 2
0 17 4 1 3 5 0 4 7 6 2
0 17 4 4 3 5 0 2 7 6 1
0 18 4 7 3 5 4 2 0 6 1
0 12 4 1 3 5 4 2 0 7 6
0 16 4 1 3 5 6 2 7 0 4
0 18 4 7 3 5 1 2 0 6 4
0 17 4 1 3 5 6 2 0 7 4
0 19 4 4 3 5 0 2 7 6 1
0 11 4 1 3 5 6 2 0 7 4
0 16 4 1 3 4 0 2 7 6 5
0 17 3 1 3 4 5 2 7 6 0
0 19 4 1 3 5 0 4 7 6 2
0 17 4 1 3 5 2 7 0 6 4
0 15 5 1 0 3 5 2 7 6 4
0 21 5 4 3 0 1 2 7 6 5
0 19 5 7 3 5 4 0 2 6 1
0 21 4 7 3 5 4 1 2 6 0
0 19 5 7 3 5 1 2 6 0 4
0 20 4 7 3 5 1 2 6 4 0
0 18 5 1 3 5 2 7 6 0 4
0 19 4 1 3 5 2 7 6 4 0
0 17 5 1 3 0 6 2 7 5 4
0 22 5 7 3 5 0 4 2 6 1
0 23 4 7 3 5 1 4 2 6 0
0 24 4 0 3 5 7 4 2 6 1
0 27 2 1 3 5 7 4 2 6 0
0 29 3 1 3 5 7 0 2 6 4
0 30 2 1 3 5 7 2 0 6 4
0 31 3 1 0 5 7 2 3 6 4
0 31 3 1 3 5 7 2 6 0 4
0 32 2 1 3 5 7 2 6 4 0
0 25 4 4 3 5 7 0 2 6 1
0 26 3 4 3 5 7 2 0 6 1
0 27 3 4 3 5 7 1 2 6 0
0 27 4 2 3 5 7 4 0 6 1
0 28 3 2 3 5 7 0 4 6 1
0 29 2 0 3 5 7 2 4 6 1
0 32 0 1 3 5 7 2 4 6 0
