0 0 0 3 0 6 5 1 7 4 2
0 1 11 3 7 6 5 1 0 4 2
0 2 9 3 7 6 5 1 4 0 2
0 3 8 3 7 6 5 1 4 2 0
0 3 9 3 7 0 5 1 4 6 2
0 4 7 3 7 5 0 1 4 6 2
0 5 5 3 7 5 2 1 4 6 0
0 6 7 3 7 5 2 1 4 0 6
0 7 9 3 7 5 6 1 4 0 2
0 8 8 3 7 5 6 1 4 2 0
0 9 8 3 7 5 0 1 4 2 6
0 7 9 3 7 5 2 0 4 6 1
0 10 7 3 7 5 0 2 4 6 1
0 11 5 3 7 5 1 2 4 6 0
0 12 7 3 7 5 1 2 4 0 6
0 7 9 3 7 0 2 1 4 5 6
0 13 9 3 7 5 6 2 4 0 1
0 14 8 3 7 5 6 2 4 1 0
0 15 8 3 7 5 0 2 4 1 6
0 10 9 3 0 5 2 7 4 6 1
0 11 8 0 3 5 2 7 4 6 1
0 14 2 1 3 5 2 7 4 6 0
0 15 4 1 3 5 0 7 4 6 2
0 16 4 1 3 5 2 0 4 6 7
0 19 2 1 3 5 0 2 4 6 7
0 20 0 1 3 5 7 2 4 6 0
