0 0 0 5 1 7 0 3 4 2 6
0 3 9 5 1 7 2 3 4 0 6
0 4 7 5 1 7 2 3 4 6 0
0 5 9 5 1 7 0 3 4 6 2
0 7 9 5 1 0 2 3 4 6 7
0 6 9 5 1 0 7 3 4 6 2
0 8 9 5 1 6 2 3 4 0 7
0 8 9 5 1 2 0 3 4 6 7
0 9 7 5 1 2 7 3 4 6 0
0 7 9 5 1 6 7 3 4 0 2
0 8 8 5 1 6 7 3 4 2 0
0 9 9 5 1 6 2 3 4 7 0
0 10 9 5 1 2 7 3 4 0 6
0 1 10 5 1 7 6 3 4 2 0
0 8 10 5 1 7 3 0 4 6 2
0 10 6 5 1 7 3 2 4 6 0
0 11 8 5 1 7 0 2 4 6 3
0 11 8 5 1 7 3 2 4 0 6
0 13 8 5 1 0 3 2 4 6 7
0 14 6 5 1 3 0 2 4 6 7
0 15 4 5 1 3 7 2 4 6 0
0 16 6 5 1 3 7 2 4 0 6
0 16 7 0 1 3 5 2 4 6 7
0 19 5 7 1 3 5 2 4 6 0
0 17 6 1 0 3 5 2 4 6 7
0 18 4 1 3 0 5 2 4 6 7
0 19 2 1 3 5 0 2 4 6 7
0 20 0 1 3 5 7 2 4 6 0
