0 0 0 5 1 7 0 3 4 2 6
0 1 6 5 1 7 6 3 4 2 0
0 1 6 5 1 0 7 3 4 2 6
0 2 6 5 1 2 7 3 4 0 6
0 3 4 5 1 2 7 3 4 6 0
0 5 5 5 1 2 7 0 4 6 3
0 6 5 0 1 2 7 3 4 6 5
0 7 4 1 0 2 7 3 4 6 5
0 8 4 1 2 0 7 3 4 6 5
0 6 5 0 1 2 7 5 4 6 3
0 7 4 1 0 2 7 5 4 6 3
0 9 4 3 1 2 7 5 4 6 0
0 8 4 1 2 0 7 5 4 6 3
0 8 5 1 4 2 7 5 0 6 3
0 12 5 3 1 0 7 5 4 6 2
0 9 5 1 2 6 7 5 4 0 3
0 10 4 1 2 6 7 5 4 3 0
0 9 5 1 4 2 7 0 5 6 3
0 11 4 1 4 2 7 3 5 6 0
0 10 5 1 2 6 7 5 0 4 3
0 11 5 3 1 2 7 0 4 6 5
0 14 5 1 4 0 7 3 5 6 2
0 9 5 1 4 2 7 5 6 0 3
0 10 4 1 4 2 7 5 6 3 0
0 6 5 5 1 0 7 3 4 6 2
0 11 5 1 4 2 0 5 6 3 7
0 13 5 1 4 0 7 5 6 3 2
0 14 4 1 4 3 7 5 6 0 2
0 15 3 1 4 3 7 5 6 2 0
0 16 4 1 4 3 0 5 6 2 7
0 19 4 1 4 3 2 5 6 0 7
0 20 2 1 4 3 2 5 6 7 0
0 21 3 1 4 3 0 5 6 7 2
0 22 4 1 4 3 2 0 6 7 5
0 23 4 0 4 3 2 5 6 7 1
0 23 4 1 4 0 2 5 6 7 3
0 24 4 1 4 3 5 0 6 7 2
0 26 3 1 4 3 5 2 6 7 0
0 25 4 1 0 3 2 4 6 7 5
0 24 4 1 0 4 2 5 6 7 3
0 27 4 1 0 3 5 4 6 7 2
0 27 4 1 4 3 0 2 6 7 5
0 25 4 1 4 3 0 2 6 7 5
0 24 4 4 0 3 2 5 6 7 1
0 25 4 2 4 3 0 5 6 7 1
0 26 3 2 4 3 1 5 6 7 0
0 24 4 1 4 2 0 5 6 7 3
0 25 3 1 4 2 3 5 6 7 0
0 29 4 0 4 3 1 5 6 7 2
0 28 4 1 4 0 3 5 6 7 2
0 30 4 4 0 3 1 5 6 7 2
0 29 4 1 0 4 3 5 6 7 2
0 22 4 1 4 0 3 5 6 7 2
0 23 4 0 4 3 1 5 6 7 2
0 18 5 0 4 3 7 5 6 2 1
0 28 5 0 4 2 3 5 6 7 1
0 14 5 1 4 7 0 5 6 3 2
0 15 4 1 4 7 2 5 6 3 0
0 14 5 1 0 4 7 5 6 3 2
0 15 5 1 4 3 7 5 0 6 2
0 16 4 1 0 3 7 5 4 6 2
0 17 3 1 3 0 7 5 4 6 2
0 18 4 1 3 6 7 5 4 0 2
0 19 3 1 3 6 7 5 4 2 0
0 18 4 1 3 7 0 5 4 6 2
0 19 3 1 3 7 2 5 4 6 0
0 21 4 1 3 6 7 0 4 2 5
0 22 4 1 3 0 7 5 4 2 6
0 21 4 1 3 7 5 0 4 6 2
0 23 2 1 3 7 5 2 4 6 0
0 24 3 1 3 7 0 2 4 6 5
0 25 2 1 3 0 7 2 4 6 5
0 26 3 1 3 0 5 2 4 6 7
0 27 2 1 3 5 0 2 4 6 7
0 28 0 1 3 5 7 2 4 6 0
