0 0 0 3 5 1 0 4 7 2 6
12 1 11 3 5 1 6 4 7 2 0
13 1 12 3 5 0 1 4 7 2 6
13 3 10 3 5 1 2 4 7 0 6
12 4 8 3 5 1 2 4 7 6 0
13 2 11 3 5 2 1 4 7 0 6
12 3 9 3 5 2 1 4 7 6 0
14 2 12 3 5 1 6 4 7 0 2
14 2 12 3 0 5 1 4 7 2 6
14 3 11 3 7 5 1 4 0 2 6
13 4 9 3 7 5 1 4 2 0 6
12 5 7 3 7 5 1 4 2 6 0
14 3 11 0 3 5 1 4 7 2 6
12 5 7 1 3 5 0 4 7 2 6
13 6 7 1 3 5 6 4 7 2 0
14 4 10 3 7 5 1 0 4 2 6
14 8 6 1 3 5 2 4 7 0 6
13 9 4 1 3 5 2 4 7 6 0
15 7 8 1 3 5 6 4 7 0 2
15 6 9 1 3 0 5 4 7 2 6
15 4 11 4 3 5 1 0 7 2 6
15 4 11 3 5 2 0 4 7 6 1
15 7 8 1 3 2 5 4 7 0 6
14 8 6 1 3 2 5 4 7 6 0
15 5 10 4 3 5 1 7 0 2 6
14 6 8 4 3 5 1 7 2 0 6
13 7 6 4 3 5 1 7 2 6 0
15 5 10 3 5 1 0 4 7 6 2
15 6 9 3 7 5 0 4 2 6 1
15 7 8 3 7 5 0 1 4 2 6
15 4 11 3 5 1 2 4 0 7 6
15 3 12 3 5 2 1 4 0 7 6
15 6 9 3 7 5 1 6 4 2 0
15 5 10 3 5 1 2 0 4 7 6
15 4 11 3 5 2 1 0 4 7 6
16 2 14 0 5 1 3 4 7 2 6
16 8 8 3 7 5 6 1 4 2 0
16 6 10 6 3 5 1 4 7 2 0
16 6 10 7 3 5 1 4 0 2 6
15 7 8 7 3 5 1 4 2 0 6
14 8 6 7 3 5 1 4 2 6 0
16 8 8 1 3 2 5 4 0 7 6
16 9 7 1 3 5 2 4 0 7 6
16 8 8 4 3 5 0 7 2 6 1
16 5 11 3 5 0 2 4 7 6 1
16 7 9 7 3 5 1 0 4 2 6
16 10 6 1 3 5 2 0 4 7 6
16 7 9 4 3 5 0 1 7 2 6
16 6 10 4 3 5 1 6 7 2 0
16 5 11 3 7 0 1 4 2 5 6
16 5 11 6 5 1 3 4 7 2 0
16 6 10 3 7 1 0 4 2 5 6
16 3 13 3 5 1 6 4 0 7 2
16 7 9 3 5 1 2 6 4 7 0
16 4 12 3 5 1 6 0 4 7 2
14 6 8 3 5 1 6 2 4 7 0
15 7 8 3 5 1 0 2 4 7 6
15 7 8 3 5 1 6 2 4 0 7
16 3 13 3 5 1 4 0 7 2 6
15 5 10 3 5 1 4 6 7 2 0
16 7 9 3 5 2 0 1 4 7 6
16 10 6 3 5 1 7 2 4 0 6
15 11 4 3 5 1 7 2 4 6 0
16 4 12 3 0 2 1 4 5 7 6
15 5 10 3 2 0 1 4 5 7 6
15 6 9 3 2 1 0 4 5 7 6
15 7 8 3 2 1 6 4 5 7 0
16 10 6 1 3 5 0 4 7 6 2
16 4 12 3 5 0 2 4 7 1 6
16 3 13 5 0 1 3 4 7 2 6
15 4 11 5 1 0 3 4 7 2 6
14 5 9 5 1 2 3 4 7 0 6
13 6 7 5 1 2 3 4 7 6 0
14 5 9 5 1 3 0 4 7 2 6
14 6 8 5 1 3 6 4 7 2 0
15 6 9 5 1 2 3 4 0 7 6
16 6 10 3 5 2 1 6 4 7 0
16 5 11 0 3 2 1 4 5 7 6
14 7 7 1 3 2 0 4 5 7 6
14 8 6 1 3 2 6 4 5 7 0
16 6 10 3 2 7 1 4 5 0 6
15 7 8 3 2 7 1 4 5 6 0
16 7 9 5 1 2 0 4 7 6 3
16 8 8 6 3 2 1 4 5 7 0
16 4 12 3 5 1 4 7 0 2 6
15 5 10 3 5 1 4 7 2 0 6
14 6 8 3 5 1 4 7 2 6 0
16 7 9 3 5 1 0 7 2 6 4
17 6 11 3 5 0 1 4 7 6 2
17 9 8 4 3 5 1 0 2 6 7
17 7 10 4 3 0 1 7 2 5 6
17 5 12 3 5 2 1 0 7 6 4
17 6 11 3 5 0 1 4 7 6 2
17 8 9 3 5 1 2 6 4 0 7
17 7 10 3 7 1 6 4 2 5 0
17 8 9 1 3 5 6 4 0 7 2
17 8 9 4 3 5 6 1 7 2 0
17 13 4 1 3 5 0 2 4 7 6
17 9 8 1 3 2 0 4 7 6 5
17 10 7 4 3 5 1 2 0 6 7
17 8 9 4 3 1 0 7 2 5 6
17 6 11 3 5 1 2 0 7 6 4
17 10 7 7 3 5 0 1 4 2 6
17 6 11 3 5 2 1 7 0 6 4
17 9 8 1 3 5 6 0 4 7 2
15 11 4 1 3 5 6 2 4 7 0
16 12 4 1 3 5 0 2 4 7 6
16 12 4 1 3 5 6 2 4 0 7
17 15 2 1 3 5 7 2 4 0 6
16 16 0 1 3 5 7 2 4 6 0
