0 0 0 3 5 1 0 4 7 2 6
0 1 7 3 5 1 6 4 7 2 0
0 3 7 3 5 1 4 0 7 2 6
0 5 6 3 5 1 4 6 7 2 0
0 6 6 3 0 1 4 5 7 2 6
0 7 6 3 7 1 4 5 0 2 6
0 7 6 3 1 0 4 5 7 2 6
0 7 6 0 3 1 4 5 7 2 6
0 10 5 6 3 1 4 5 7 2 0
0 8 6 3 7 1 4 5 2 0 6
0 9 5 3 7 1 4 5 2 6 0
0 13 6 6 3 0 4 5 7 2 1
0 14 5 6 0 3 4 5 7 2 1
0 15 5 6 7 3 4 5 0 2 1
0 15 5 0 6 3 4 5 7 2 1
0 18 3 1 6 3 4 5 7 2 0
0 19 4 1 6 3 4 5 7 0 2
0 20 3 1 6 3 4 5 0 7 2
0 21 2 1 0 3 4 5 6 7 2
0 22 3 1 3 0 4 5 6 7 2
0 22 3 0 1 3 4 5 6 7 2
0 25 2 2 1 3 4 5 6 7 0
0 21 4 1 6 3 4 0 5 7 2
0 23 3 1 6 3 4 2 5 7 0
0 28 4 2 1 0 4 5 6 7 3
0 24 4 1 0 3 4 6 5 7 2
0 29 4 2 0 1 4 5 6 7 3
0 30 3 0 2 1 4 5 6 7 3
0 33 2 3 2 1 4 5 6 7 0
0 36 3 3 2 0 4 5 6 7 1
0 31 4 5 2 1 4 0 6 7 3
0 33 3 5 2 1 4 3 6 7 0
0 33 4 6 2 1 4 5 0 7 3
0 34 4 3 2 1 0 5 6 7 4
0 34 4 3 2 1 4 5 6 0 7
0 37 4 3 0 2 4 5 6 7 1
0 32 4 4 2 1 0 5 6 7 3
0 33 3 4 2 1 3 5 6 7 0
0 23 4 1 3 4 0 5 6 7 2
0 24 3 1 3 4 2 5 6 7 0
0 25 4 6 1 3 4 5 0 7 2
0 27 4 2 1 3 4 0 6 7 5
0 26 4 2 1 3 0 5 6 7 4
0 30 4 2 0 3 4 1 6 7 5
0 31 3 0 2 3 4 1 6 7 5
0 32 2 1 2 3 4 0 6 7 5
0 34 0 1 2 3 4 5 6 7 0
