0 0 0 1 7 5 2 6 4 0 3
8 1 7 1 7 5 2 6 4 3 0
11 2 9 1 7 5 0 6 4 3 2
11 3 8 1 7 5 2 0 4 3 6
12 1 11 1 7 0 2 6 4 5 3
12 6 6 1 7 5 0 2 4 3 6
12 1 11 1 7 5 2 6 0 4 3
12 2 10 1 7 5 2 0 6 4 3
11 4 7 1 7 5 2 3 6 4 0
13 7 6 1 7 5 6 2 4 3 0
13 2 11 1 0 7 2 6 4 5 3
13 5 8 1 7 5 0 2 6 4 3
12 6 6 1 7 5 3 2 6 4 0
13 2 11 1 7 2 0 6 4 5 3
12 3 9 1 7 2 3 6 4 5 0
13 4 9 1 7 5 2 4 0 3 6
12 5 7 1 7 5 2 4 3 0 6
11 6 5 1 7 5 2 4 3 6 0
14 3 11 1 4 7 2 6 0 5 3
14 2 12 1 0 5 2 6 7 4 3
14 6 8 1 0 5 2 7 4 3 6
14 5 9 1 7 5 2 3 6 0 4
14 4 10 1 4 7 2 6 5 0 3
13 5 8 1 4 7 2 6 5 3 0
14 4 10 1 4 7 2 0 6 5 3
13 6 7 1 4 7 2 3 6 5 0
14 5 9 1 7 5 0 3 6 4 2
14 7 7 1 7 5 0 4 3 6 2
14 3 11 1 7 0 5 6 4 3 2
13 4 9 1 7 3 5 6 4 0 2
13 5 8 1 7 3 5 6 4 2 0
14 4 10 1 7 2 3 6 4 0 5
14 4 10 0 7 5 2 1 4 3 6
14 5 9 1 7 5 3 6 4 0 2
14 6 8 2 7 5 0 1 4 3 6
14 6 8 1 7 5 3 6 4 2 0
15 7 8 1 4 7 0 2 6 5 3
14 8 6 1 4 7 3 2 6 5 0
15 7 8 1 7 0 5 2 4 3 6
14 8 6 1 7 3 5 2 4 0 6
13 9 4 1 7 3 5 2 4 6 0
15 6 9 1 7 5 2 3 0 6 4
15 5 10 1 7 5 6 0 4 3 2
15 5 10 1 4 0 2 6 5 7 3
14 6 8 1 4 2 0 6 5 7 3
13 7 6 1 4 2 3 6 5 7 0
15 7 8 1 7 5 2 0 3 6 4
15 7 8 1 7 5 3 2 6 0 4
15 9 6 1 7 5 3 2 4 0 6
14 10 4 1 7 5 3 2 4 6 0
15 4 11 1 7 0 2 6 4 3 5
14 5 9 1 7 3 2 6 4 0 5
13 6 7 1 7 3 2 6 4 5 0
15 7 8 1 5 0 2 7 4 3 6
14 8 6 1 5 3 2 7 4 0 6
13 9 4 1 5 3 2 7 4 6 0
15 5 10 1 7 2 0 6 4 3 5
14 6 8 1 7 2 5 6 4 3 0
15 6 9 1 7 0 2 4 3 5 6
15 7 8 2 7 5 6 1 4 3 0
15 3 12 1 5 0 2 6 7 4 3
14 4 10 1 5 4 2 6 7 0 3
13 5 8 1 5 4 2 6 7 3 0
14 4 10 1 5 2 0 6 7 4 3
13 5 8 1 5 2 3 6 7 4 0
14 6 8 1 5 2 3 6 7 0 4
15 7 8 1 4 5 2 7 0 3 6
14 8 6 1 4 5 2 7 3 0 6
13 9 4 1 4 5 2 7 3 6 0
15 5 10 1 0 5 2 4 7 3 6
15 5 10 1 0 5 2 7 6 4 3
15 3 12 0 7 5 2 1 6 4 3
13 6 7 3 7 5 2 1 6 4 0
15 7 8 1 5 2 4 6 7 0 3
14 8 6 1 5 2 4 6 7 3 0
15 7 8 1 5 2 3 6 0 7 4
15 5 10 7 0 5 2 1 4 3 6
15 5 10 2 7 5 0 1 6 4 3
14 6 8 2 7 5 3 1 6 4 0
15 8 7 1 5 2 3 0 6 7 4
15 5 10 1 7 2 3 0 4 5 6
15 3 12 0 1 7 2 6 4 5 3
13 6 7 3 1 7 2 6 4 5 0
15 10 5 1 5 2 3 4 6 7 0
15 5 10 1 5 4 2 6 0 7 3
15 5 10 2 1 7 0 6 4 5 3
14 6 8 2 1 7 3 6 4 5 0
15 5 10 1 7 2 5 6 4 0 3
15 4 11 1 0 7 5 6 4 3 2
15 6 9 1 5 4 2 0 6 7 3
15 8 7 1 5 4 2 3 6 7 0
16 7 9 1 7 2 0 4 3 5 6
16 7 9 1 7 3 0 6 4 5 2
16 5 11 1 0 7 2 6 4 3 5
16 10 6 1 5 3 0 7 4 6 2
16 8 8 1 5 2 0 7 4 3 6
16 8 8 1 7 3 2 0 4 5 6
16 7 9 1 4 7 0 3 6 5 2
16 6 10 1 7 0 5 2 6 4 3
16 7 9 1 4 7 2 3 6 0 5
16 8 8 1 7 5 3 2 0 6 4
16 10 6 1 7 5 0 2 3 6 4
16 7 9 1 7 4 5 2 6 0 3
15 8 7 1 7 4 5 2 6 3 0
16 8 8 1 4 2 3 6 5 0 7
16 6 10 1 4 7 0 6 5 3 2
16 11 5 1 7 5 4 2 3 6 0
16 8 8 1 0 7 5 2 4 3 6
16 6 10 1 0 4 2 6 5 7 3
16 7 9 1 0 7 2 4 3 5 6
15 8 7 1 3 7 2 4 0 5 6
15 9 6 1 3 7 2 0 4 5 6
16 6 10 1 0 4 2 6 5 7 3
16 9 7 1 3 7 2 4 5 0 6
15 10 5 1 3 7 2 4 5 6 0
16 11 5 1 3 7 2 6 4 5 0
16 12 4 1 3 7 0 2 4 5 6
16 8 8 3 1 7 2 0 4 5 6
16 7 9 3 1 7 2 6 4 0 5
16 5 11 1 4 7 5 6 0 3 2
15 6 9 1 4 7 5 6 3 0 2
15 7 8 1 4 7 5 6 3 2 0
16 6 10 2 1 0 7 6 4 5 3
15 7 8 2 1 5 7 6 4 0 3
14 8 6 2 1 5 7 6 4 3 0
16 6 10 1 4 7 5 0 6 3 2
14 8 6 1 4 7 5 2 6 3 0
16 6 10 1 5 4 0 6 7 3 2
16 10 6 1 7 3 0 2 4 6 5
16 3 13 0 1 5 2 6 7 4 3
14 6 8 3 1 5 2 6 7 4 0
16 8 8 1 4 0 7 2 6 5 3
15 9 6 1 4 5 7 2 6 0 3
14 10 4 1 4 5 7 2 6 3 0
16 8 8 1 7 5 6 2 4 0 3
16 6 10 7 5 0 2 1 4 3 6
15 7 8 7 5 3 2 1 4 0 6
14 8 6 7 5 3 2 1 4 6 0
16 8 8 1 5 2 4 6 0 7 3
16 8 8 1 0 2 3 6 5 7 4
15 9 6 1 2 0 3 6 5 7 4
14 10 4 1 2 3 0 6 5 7 4
13 11 2 1 2 3 4 6 5 7 0
16 6 10 1 5 0 2 4 7 3 6
15 7 8 1 5 3 2 4 7 0 6
14 8 6 1 5 3 2 4 7 6 0
16 7 9 3 7 5 0 1 6 4 2
16 4 12 7 0 5 2 1 6 4 3
16 6 10 1 5 0 2 7 6 4 3
16 6 10 1 6 5 2 7 0 4 3
15 7 8 1 6 5 2 7 4 0 3
14 8 6 1 6 5 2 7 4 3 0
16 9 7 1 5 2 4 0 6 7 3
16 7 9 1 5 2 0 4 7 3 6
16 12 4 1 2 3 4 6 5 0 7
16 10 6 1 2 7 3 6 5 0 4
16 11 5 1 5 2 4 3 6 7 0
16 8 8 1 5 2 6 4 7 3 0
16 5 11 1 7 3 5 6 0 4 2
16 7 9 6 7 5 2 1 4 3 0
16 7 9 2 7 5 3 1 6 0 4
16 6 10 1 7 3 5 0 6 4 2
14 8 6 1 7 3 5 2 6 4 0
16 7 9 0 1 5 2 7 4 3 6
16 7 9 3 7 5 2 1 6 0 4
16 9 7 1 7 3 5 2 6 0 4
16 4 12 6 1 7 2 0 4 5 3
15 6 9 6 1 7 2 3 4 5 0
16 10 6 1 4 5 0 7 3 6 2
16 10 6 1 4 5 7 2 0 6 3
16 5 11 1 7 2 3 6 0 4 5
16 9 7 2 1 5 0 7 4 3 6
16 5 11 2 1 5 0 6 7 4 3
15 6 9 2 1 5 3 6 7 4 0
16 6 10 1 7 2 3 0 6 4 5
14 8 6 1 7 2 3 5 6 4 0
15 9 6 1 7 2 3 5 6 0 4
16 6 10 1 7 3 0 6 4 2 5
16 7 9 1 7 3 5 0 4 2 6
16 6 10 7 4 5 2 1 0 3 6
15 7 8 7 4 5 2 1 3 0 6
14 8 6 7 4 5 2 1 3 6 0
16 7 9 3 1 7 0 6 4 5 2
16 7 9 2 1 5 3 6 7 0 4
17 11 6 3 1 7 0 2 4 5 6
17 13 4 1 3 7 6 2 4 5 0
17 7 10 1 7 2 5 6 4 0 3
17 8 9 1 7 0 5 4 3 6 2
17 9 8 2 1 5 0 6 4 3 7
17 13 4 1 3 0 7 2 4 5 6
16 14 2 1 3 5 7 2 4 0 6
15 15 0 1 3 5 7 2 4 6 0
