0 0 0 1 7 5 2 6 4 0 3
0 1 4 1 7 5 2 6 4 3 0
0 2 5 1 7 5 0 6 4 3 2
0 3 5 1 7 5 2 0 4 3 6
0 6 4 1 7 5 0 2 4 3 6
0 7 3 1 7 5 6 2 4 3 0
0 9 4 1 7 5 3 2 4 0 6
0 10 2 1 7 5 3 2 4 6 0
0 11 3 1 7 5 0 2 4 6 3
0 8 4 1 7 5 6 2 4 0 3
0 13 4 0 7 5 1 2 4 6 3
0 16 3 3 7 5 1 2 4 6 0
0 14 4 1 7 5 2 0 4 6 3
0 16 3 1 7 5 2 3 4 6 0
0 14 4 7 0 5 1 2 4 6 3
0 17 4 3 7 5 0 2 4 6 1
0 14 4 1 7 5 6 2 4 0 3
0 13 4 0 7 5 3 2 4 6 1
0 13 4 1 7 0 3 2 4 6 5
0 12 4 1 7 0 5 2 4 6 3
0 14 4 1 0 7 3 2 4 6 5
0 13 4 1 0 7 5 2 4 6 3
0 19 4 0 7 5 3 2 4 6 1
0 14 4 7 0 5 3 2 4 6 1
0 20 4 7 0 5 3 2 4 6 1
0 14 4 1 7 3 0 2 4 6 5
0 15 3 1 7 3 5 2 4 6 0
0 12 4 1 7 5 3 0 4 6 2
0 17 4 1 0 5 2 7 4 6 3
0 15 4 1 0 5 3 7 4 6 2
0 15 4 1 7 5 0 3 4 6 2
0 17 4 1 7 5 0 3 4 6 2
0 5 5 1 7 5 6 0 4 3 2
0 22 5 4 7 5 3 2 0 6 1
0 17 5 1 7 3 6 2 4 0 5
0 18 4 1 7 3 6 2 4 5 0
0 18 5 0 1 5 2 7 4 6 3
0 21 4 3 1 5 2 7 4 6 0
0 20 5 1 7 5 6 3 4 0 2
0 21 4 1 7 5 6 3 4 2 0
0 18 5 0 7 3 5 2 4 6 1
0 13 5 1 7 5 3 4 0 6 2
0 21 5 1 7 0 6 2 4 5 3
0 15 5 7 5 0 1 2 4 6 3
0 13 5 0 7 5 3 1 4 6 2
0 16 4 2 7 5 3 1 4 6 0
0 8 5 0 7 5 1 2 4 3 6
0 11 4 6 7 5 1 2 4 3 0
0 17 5 1 7 3 5 0 4 6 2
0 22 5 1 0 7 6 2 4 5 3
0 16 5 7 5 1 0 2 4 6 3
0 17 4 7 5 1 3 2 4 6 0
0 18 4 0 5 1 7 2 4 6 3
0 21 3 3 5 1 7 2 4 6 0
0 19 4 5 0 1 7 2 4 6 3
0 24 4 3 5 0 7 2 4 6 1
0 25 3 3 0 5 7 2 4 6 1
0 26 2 0 3 5 7 2 4 6 1
0 29 0 1 3 5 7 2 4 6 0
