0 0 0 1 7 5 2 6 4 0 3
0 1 7 1 7 5 2 6 4 3 0
0 3 8 1 7 5 2 0 4 3 6
0 6 6 1 7 5 0 2 4 3 6
0 7 6 1 7 5 6 2 4 3 0
0 9 6 1 7 5 3 2 4 0 6
0 10 4 1 7 5 3 2 4 6 0
0 11 6 1 7 5 0 2 4 6 3
0 10 8 1 7 0 3 2 4 5 6
0 11 6 1 7 3 0 2 4 5 6
0 12 6 1 7 3 6 2 4 5 0
0 14 6 1 7 3 5 2 4 0 6
0 15 4 1 7 3 5 2 4 6 0
0 16 6 1 7 3 0 2 4 6 5
0 14 8 1 7 3 2 0 4 5 6
0 16 7 1 7 3 2 6 4 5 0
0 18 8 1 7 0 5 2 4 6 3
0 13 8 1 7 3 6 2 4 0 5
0 17 8 1 0 3 2 7 4 5 6
0 18 6 1 3 0 2 7 4 5 6
0 19 4 1 3 5 2 7 4 0 6
0 20 2 1 3 5 2 7 4 6 0
0 21 4 1 3 5 0 7 4 6 2
0 22 4 1 3 5 2 0 4 6 7
0 25 2 1 3 5 0 2 4 6 7
0 26 0 1 3 5 7 2 4 6 0
