0 0 0 0 6 5 4 1 2 3 7
9 1 8 1 6 5 4 0 2 3 7
10 3 7 1 6 5 4 7 2 3 0
11 2 9 1 6 5 4 2 0 3 7
10 3 7 1 6 5 4 2 3 0 7
11 4 7 1 6 5 4 2 3 7 0
12 3 9 7 6 5 4 1 2 3 0
12 4 8 1 6 5 0 4 2 3 7
11 5 6 1 6 5 7 4 2 3 0
12 2 10 4 6 5 0 1 2 3 7
11 3 8 4 6 5 7 1 2 3 0
12 3 9 1 0 5 4 2 6 3 7
12 1 11 6 0 5 4 1 2 3 7
11 2 9 6 2 5 4 1 0 3 7
12 4 8 1 5 0 4 2 6 3 7
11 5 6 1 5 3 4 2 6 0 7
10 6 4 1 5 3 4 2 6 7 0
12 3 9 2 6 5 4 1 0 3 7
12 2 10 6 5 0 4 1 2 3 7
11 3 8 6 5 3 4 1 2 0 7
10 4 6 6 5 3 4 1 2 7 0
12 3 9 6 2 5 4 1 3 0 7
11 4 7 6 2 5 4 1 3 7 0
13 5 8 1 6 5 0 2 3 7 4
13 3 10 4 6 0 5 1 2 3 7
12 4 8 4 6 3 5 1 2 0 7
11 5 6 4 6 3 5 1 2 7 0
13 4 9 1 6 0 4 2 3 5 7
13 4 9 1 0 5 4 6 2 3 7
12 5 7 1 2 5 4 6 0 3 7
12 6 6 1 2 5 4 0 6 3 7
13 5 8 1 6 4 0 2 3 5 7
12 6 6 1 6 4 7 2 3 5 0
13 6 7 1 2 5 4 6 3 0 7
12 7 5 1 2 5 4 6 3 7 0
13 8 5 1 2 5 4 7 6 3 0
13 4 9 2 6 5 4 1 3 0 7
12 5 7 2 6 5 4 1 3 7 0
13 3 10 6 5 4 0 1 2 3 7
13 5 8 6 5 3 0 1 2 7 4
13 5 8 1 5 0 4 6 2 3 7
12 6 6 1 5 3 4 6 2 0 7
11 7 4 1 5 3 4 6 2 7 0
13 7 6 1 5 3 0 2 6 7 4
13 4 9 2 0 5 4 1 6 3 7
13 4 9 1 6 5 4 7 2 0 3
13 4 9 1 6 5 0 7 2 3 4
13 5 8 1 6 0 5 4 2 3 7
12 6 6 1 6 3 5 4 2 0 7
11 7 4 1 6 3 5 4 2 7 0
13 5 8 0 2 5 4 1 6 3 7
13 5 8 2 5 0 4 1 6 3 7
12 6 6 2 5 3 4 1 6 0 7
11 7 4 2 5 3 4 1 6 7 0
13 6 7 1 5 3 4 2 0 6 7
13 3 10 6 2 5 4 0 1 3 7
13 5 8 1 5 4 0 2 6 3 7
12 6 6 1 5 4 7 2 6 3 0
14 4 10 4 6 5 7 1 2 0 3
14 5 9 6 2 5 4 7 1 3 0
14 5 9 1 0 6 4 2 3 5 7
13 6 7 1 3 6 4 2 0 5 7
14 8 6 1 6 5 7 2 3 0 4
13 9 4 1 6 5 7 2 3 4 0
14 7 7 1 5 3 4 0 2 6 7
14 7 7 1 3 6 4 2 5 0 7
14 4 10 0 2 5 4 6 1 3 7
14 6 8 2 5 4 0 1 6 3 7
14 8 6 2 5 3 0 1 6 7 4
14 4 10 6 2 0 4 1 3 5 7
14 4 10 0 1 5 4 2 6 3 7
13 5 8 2 1 5 4 0 6 3 7
14 8 6 1 6 3 0 4 2 7 5
14 5 9 1 6 0 5 7 2 3 4
13 6 7 1 6 3 5 7 2 0 4
14 6 8 4 6 3 0 1 2 7 5
14 8 6 1 5 3 0 6 2 7 4
14 6 8 1 6 5 7 4 2 0 3
14 4 10 6 5 3 4 1 0 2 7
14 6 8 1 5 4 0 6 2 3 7
14 5 9 6 2 5 0 1 3 7 4
14 4 10 6 5 4 7 1 2 3 0
14 7 7 1 6 3 5 7 2 4 0
14 4 10 2 6 5 4 0 1 3 7
14 7 7 2 1 5 4 7 6 3 0
14 6 8 4 1 5 0 2 6 3 7
13 7 6 4 1 5 7 2 6 3 0
14 8 6 1 3 6 4 2 5 7 0
15 9 6 1 2 5 0 4 6 3 7
15 7 8 1 3 6 4 0 2 5 7
15 4 11 7 6 5 0 1 2 3 4
15 7 8 1 5 4 7 2 6 0 3
15 5 10 0 1 5 4 6 2 3 7
15 5 10 4 6 5 3 1 2 0 7
14 6 8 4 6 5 3 1 2 7 0
15 5 10 4 6 3 5 1 0 2 7
15 8 7 1 3 0 4 2 5 6 7
15 7 8 4 2 5 0 1 6 3 7
15 7 8 2 5 3 4 1 0 6 7
15 9 6 1 6 3 5 0 2 7 4
15 9 6 1 3 4 0 2 5 6 7
14 10 4 1 3 4 7 2 5 6 0
15 7 8 1 6 3 5 4 0 2 7
15 6 9 1 6 0 5 2 3 7 4
15 6 9 1 6 0 4 7 2 3 5
14 7 7 1 6 3 4 7 2 0 5
14 8 6 1 6 3 4 7 2 5 0
15 9 6 1 3 6 4 7 2 5 0
15 7 8 1 6 7 5 2 3 0 4
14 8 6 1 6 7 5 2 3 4 0
15 5 10 1 6 0 4 7 2 5 3
15 7 8 1 0 3 4 2 5 6 7
15 7 8 1 5 3 4 6 0 2 7
15 7 8 1 6 5 3 4 2 0 7
14 8 6 1 6 5 3 4 2 7 0
15 8 7 1 5 3 4 0 6 2 7
15 7 8 1 2 0 4 6 3 5 7
15 6 9 2 6 5 4 7 1 3 0
15 5 10 6 0 3 4 1 5 2 7
15 6 9 6 2 0 5 1 3 7 4
15 6 9 0 6 3 4 1 5 2 7
14 7 7 1 6 3 4 0 5 2 7
14 8 6 1 6 3 4 5 0 2 7
13 9 4 1 6 3 4 5 2 0 7
12 10 2 1 6 3 4 5 2 7 0
15 9 6 1 6 3 4 7 5 2 0
15 9 6 1 0 3 4 5 6 2 7
15 7 8 2 5 4 7 1 6 3 0
15 6 9 2 6 5 0 1 3 7 4
15 5 10 2 6 0 4 1 3 5 7
15 8 7 7 2 5 4 1 6 3 0
15 7 8 7 1 5 4 2 6 3 0
15 5 10 6 2 4 0 1 3 5 7
15 7 8 1 5 4 7 6 2 3 0
15 8 7 1 5 3 4 0 6 7 2
15 7 8 1 6 4 7 2 3 0 5
15 6 9 2 1 5 4 6 0 3 7
15 9 6 1 5 3 4 7 2 6 0
15 4 11 7 6 5 4 1 2 0 3
15 11 4 1 6 3 0 5 2 7 4
15 8 7 1 2 5 0 6 3 7 4
16 10 6 1 6 5 0 2 3 4 7
16 6 10 6 3 0 4 1 5 2 7
15 7 8 6 3 2 4 1 5 0 7
14 8 6 6 3 2 4 1 5 7 0
16 8 8 2 1 5 0 4 6 3 7
15 9 6 2 1 5 7 4 6 3 0
16 8 8 1 2 4 0 6 3 5 7
16 10 6 1 5 3 4 7 6 2 0
16 8 8 0 6 3 5 1 2 7 4
16 8 8 1 6 4 5 2 3 0 7
16 8 8 1 0 3 5 4 6 2 7
16 8 8 1 0 3 4 6 5 2 7
16 6 10 6 2 5 0 4 1 3 7
16 8 8 1 5 4 3 2 6 0 7
15 9 6 1 5 4 3 2 6 7 0
16 6 10 1 6 4 0 7 2 5 3
15 7 8 1 6 4 3 7 2 5 0
16 4 12 4 0 6 5 1 2 3 7
15 5 10 4 2 6 5 1 0 3 7
16 6 10 1 0 6 5 4 2 3 7
15 7 8 1 2 6 5 4 0 3 7
16 8 8 4 2 0 5 1 6 3 7
15 9 6 4 2 3 5 1 6 0 7
14 10 4 4 2 3 5 1 6 7 0
16 7 9 6 2 0 4 1 3 7 5
16 8 8 1 5 0 7 2 6 4 3
16 7 9 1 6 5 7 0 2 3 4
16 10 6 1 6 0 4 5 2 3 7
16 7 9 2 6 0 5 1 3 7 4
16 10 6 1 3 6 0 4 2 5 7
15 11 4 1 3 6 7 4 2 5 0
16 7 9 1 6 0 4 2 3 7 5
16 6 10 6 1 5 4 0 2 3 7
16 6 10 4 0 3 5 1 6 2 7
16 10 6 1 5 3 7 2 6 0 4
15 11 4 1 5 3 7 2 6 4 0
16 5 11 7 6 0 5 1 2 3 4
15 6 9 7 6 3 5 1 2 0 4
16 7 9 1 6 5 7 0 2 3 4
16 8 8 4 2 5 7 1 6 3 0
16 8 8 1 6 5 7 2 0 3 4
16 7 9 7 6 3 5 1 2 4 0
16 8 8 1 6 5 7 2 0 3 4
16 9 7 1 5 3 4 0 2 7 6
16 8 8 1 5 0 3 2 6 7 4
16 7 9 1 6 5 3 7 2 0 4
15 8 7 1 6 5 3 7 2 4 0
16 5 11 0 4 6 5 1 2 3 7
15 6 9 1 4 6 5 0 2 3 7
15 7 8 1 4 6 5 2 0 3 7
14 8 6 1 4 6 5 2 3 0 7
15 8 7 1 4 6 5 7 2 3 0
15 9 6 1 4 0 5 2 3 6 7
14 10 4 1 4 5 0 2 3 6 7
13 11 2 1 4 5 7 2 3 6 0
15 9 6 1 4 6 5 2 3 7 0
16 7 9 0 5 3 4 1 2 7 6
15 8 7 1 5 3 4 0 2 7 6
16 8 8 5 0 3 4 1 2 7 6
15 9 6 5 2 3 4 1 0 7 6
16 12 4 1 4 5 7 2 3 0 6
16 8 8 1 0 6 5 2 4 3 7
16 10 6 5 2 3 4 1 7 0 6
15 11 4 5 2 3 4 1 7 6 0
16 6 10 4 2 6 5 1 3 0 7
15 7 8 4 2 6 5 1 3 7 0
16 8 8 4 1 5 7 2 6 0 3
16 6 10 1 6 5 4 0 3 7 2
16 10 6 1 2 0 5 4 6 3 7
15 11 4 1 2 3 5 4 6 0 7
14 12 2 1 2 3 5 4 6 7 0
16 5 11 6 5 3 4 0 1 2 7
16 7 9 1 6 4 0 7 2 3 5
15 8 7 1 6 4 5 7 2 3 0
16 8 8 1 2 6 5 4 3 0 7
15 9 6 1 2 6 5 4 3 7 0
16 8 8 2 0 3 4 1 5 6 7
16 8 8 1 5 4 7 2 0 6 3
16 9 7 0 2 3 4 1 5 6 7
15 10 5 1 2 3 4 0 5 6 7
15 11 4 1 2 3 4 5 0 6 7
14 12 2 1 2 3 4 5 6 0 7
13 13 0 1 2 3 4 5 6 7 0
