0 0 0 0 6 5 4 1 2 3 7
0 1 6 1 6 5 4 0 2 3 7
0 2 5 1 6 5 4 2 0 3 7
0 3 5 1 6 5 4 7 2 3 0
0 3 5 1 0 5 4 2 6 3 7
0 3 5 1 6 5 4 2 3 0 7
0 4 4 1 6 5 4 2 3 7 0
0 4 5 1 5 0 4 2 6 3 7
0 5 4 1 5 3 4 2 6 0 7
0 6 2 1 5 3 4 2 6 7 0
0 8 3 1 5 3 4 0 6 7 2
0 11 2 1 0 3 4 5 6 7 2
0 12 3 1 6 3 4 5 0 7 2
0 12 3 1 3 0 4 5 6 7 2
0 12 3 0 1 3 4 5 6 7 2
0 15 2 2 1 3 4 5 6 7 0
0 13 4 1 3 7 4 5 6 0 2
0 14 3 1 3 7 4 5 6 2 0
0 14 4 4 1 3 0 5 6 7 2
0 15 3 4 1 3 2 5 6 7 0
0 18 4 2 1 0 4 5 6 7 3
0 13 4 5 1 3 4 0 6 7 2
0 15 3 5 1 3 4 2 6 7 0
0 7 4 1 5 3 0 2 6 7 4
0 11 4 1 5 3 0 4 6 7 2
0 12 3 1 5 3 2 4 6 7 0
0 19 4 2 0 1 4 5 6 7 3
0 20 3 0 2 1 4 5 6 7 3
0 23 2 3 2 1 4 5 6 7 0
0 26 3 3 2 0 4 5 6 7 1
0 21 4 5 2 1 4 0 6 7 3
0 23 3 5 2 1 4 3 6 7 0
0 13 4 1 6 3 4 5 7 0 2
0 14 3 1 6 3 4 5 7 2 0
0 25 4 3 2 1 4 0 6 7 5
0 27 4 3 0 2 4 5 6 7 1
0 26 4 5 2 0 4 3 6 7 1
0 16 4 5 0 3 4 1 6 7 2
0 9 4 1 5 0 4 2 6 7 3
0 9 4 0 5 3 4 1 6 7 2
0 12 3 2 5 3 4 1 6 7 0
0 9 4 1 5 3 4 6 0 7 2
0 18 4 0 1 3 2 5 6 7 4
0 19 3 1 0 3 2 5 6 7 4
0 10 4 1 0 3 4 6 5 7 2
0 20 4 2 1 3 0 5 6 7 4
0 20 4 1 6 3 2 5 0 7 4
0 20 4 1 3 0 2 5 6 7 4
0 17 4 0 5 3 4 1 6 7 2
0 21 4 1 3 2 0 5 6 7 4
0 22 2 1 3 2 4 5 6 7 0
0 10 4 1 0 5 4 2 6 7 3
0 23 4 1 3 2 4 5 6 0 7
0 25 4 0 3 2 4 5 6 7 1
0 24 4 1 3 2 4 0 6 7 5
0 24 4 1 3 0 4 5 6 2 7
0 25 3 1 0 3 4 5 6 2 7
0 27 4 1 0 2 4 3 6 7 5
0 28 3 1 2 0 4 3 6 7 5
0 26 4 1 6 3 4 5 0 2 7
0 26 4 0 1 3 4 5 6 2 7
0 29 3 7 1 3 4 5 6 2 0
0 29 4 1 2 4 0 3 6 7 5
0 30 3 1 2 4 5 3 6 7 0
0 27 4 1 6 3 4 5 2 0 7
0 28 2 1 6 3 4 5 2 7 0
0 26 4 0 2 1 4 3 6 7 5
0 28 4 0 3 2 4 5 6 7 1
0 14 4 1 5 3 2 0 6 7 4
0 18 4 0 1 3 4 2 6 7 5
0 19 3 1 0 3 4 2 6 7 5
0 17 4 1 3 0 4 5 6 2 7
0 27 4 3 2 7 4 5 6 0 1
0 28 3 3 2 7 4 5 6 1 0
0 31 4 1 6 0 4 5 2 7 3
0 26 4 0 2 1 4 3 6 7 5
0 13 4 1 6 3 4 0 5 7 2
0 15 3 1 6 3 4 2 5 7 0
0 20 4 1 6 3 4 2 0 7 5
0 31 4 0 2 7 4 5 6 1 3
0 31 4 3 2 0 4 5 6 1 7
0 21 4 1 6 3 4 0 2 7 5
0 32 4 1 0 6 4 5 2 7 3
0 33 3 1 2 6 4 5 0 7 3
0 32 4 3 2 1 4 5 6 0 7
0 24 4 1 0 3 4 6 2 7 5
0 25 3 1 2 3 4 6 0 7 5
0 26 2 1 2 3 4 0 6 7 5
0 28 0 1 2 3 4 5 6 7 0
