0 0 0 6 5 4 1 2 3 7
1 1 1 6 5 4 0 2 3 7
4 3 1 6 5 0 4 2 3 7
5 1 1 6 0 5 4 2 3 7
3 1 1 6 3 5 4 2 0 7
7 1 1 6 3 5 4 2 7 0
4 2 1 6 3 5 0 2 7 4
5 3 1 6 3 0 5 2 7 4
4 1 1 6 3 4 5 2 7 0
7 1 1 6 3 4 5 2 0 7
2 1 1 6 3 4 5 0 2 7
6 1 1 0 3 4 5 6 2 7
3 1 1 3 0 4 5 6 2 7
2 1 1 3 2 4 5 6 0 7
7 1 1 3 2 4 5 6 7 0
4 1 1 3 2 0 5 6 7 4
5 3 1 3 2 5 0 6 7 4
4 2 1 3 2 5 4 6 7 0
5 1 1 3 2 0 4 6 7 5
7 3 1 3 2 7 4 6 0 5
6 1 1 3 2 7 4 0 6 5
4 1 1 3 2 7 0 4 6 5
7 3 1 3 2 0 7 4 6 5
5 1 1 3 2 5 7 4 6 0
2 3 1 3 0 5 7 4 6 2
5 1 1 3 5 0 7 4 6 2
7 3 1 3 5 7 0 4 6 2
2 2 1 3 5 7 2 4 6 0
44 0.04569530487060547