0 0 0 0 6 5 4 1 2 3 7
0 1 8 1 6 5 4 0 2 3 7
0 3 7 1 6 5 4 7 2 3 0
0 4 8 1 6 5 0 4 2 3 7
0 5 6 1 6 5 7 4 2 3 0
0 5 8 1 6 0 5 4 2 3 7
0 6 6 1 6 3 5 4 2 0 7
0 7 4 1 6 3 5 4 2 7 0
0 8 6 1 6 3 0 4 2 7 5
0 9 6 1 6 3 5 0 2 7 4
0 12 4 1 6 3 0 5 2 7 4
0 13 2 1 6 3 4 5 2 7 0
0 14 4 1 6 3 4 5 2 0 7
0 11 6 1 6 3 4 0 2 7 5
0 13 6 1 6 0 3 5 2 7 4
0 15 6 1 6 3 7 5 2 0 4
0 15 6 1 6 3 4 0 2 7 5
0 16 6 1 6 0 4 5 2 7 3
0 14 6 1 6 7 3 5 2 0 4
0 16 6 1 6 3 7 5 2 4 0
0 17 6 1 6 7 4 5 2 0 3
0 18 4 1 6 7 4 5 2 3 0
0 17 6 1 6 4 0 5 2 7 3
0 18 4 1 6 4 3 5 2 7 0
0 19 6 1 6 7 0 5 2 3 4
0 21 6 1 6 0 4 5 2 3 7
0 19 6 1 6 4 3 5 2 0 7
0 22 6 1 6 4 0 5 2 3 7
0 15 6 1 6 7 3 5 2 4 0
0 23 6 1 6 4 7 5 2 3 0
0 17 6 1 6 3 0 5 2 4 7
0 15 6 1 6 0 4 5 2 3 7
0 15 6 1 6 3 4 5 0 2 7
0 16 6 1 0 3 4 5 6 2 7
0 17 6 1 3 0 4 5 6 2 7
0 18 4 1 3 2 4 5 6 0 7
0 19 2 1 3 2 4 5 6 7 0
0 20 4 1 3 2 0 5 6 7 4
0 18 6 1 3 4 0 5 6 2 7
0 19 6 1 3 2 4 5 0 6 7
0 23 6 1 3 2 5 0 6 7 4
0 25 4 1 3 2 5 4 6 7 0
0 23 6 1 3 2 7 5 6 0 4
0 19 6 1 3 4 7 5 6 2 0
0 21 6 1 3 4 2 5 6 0 7
0 22 4 1 3 4 2 5 6 7 0
0 26 6 1 3 2 0 4 6 7 5
0 23 6 1 3 4 0 5 6 7 2
0 25 6 1 3 0 2 5 6 7 4
0 29 6 1 3 2 4 0 6 7 5
0 24 6 1 3 0 4 5 6 7 2
0 26 6 1 3 7 2 5 6 0 4
0 26 6 1 0 3 2 5 6 7 4
0 25 6 1 3 7 4 5 6 0 2
0 26 4 1 3 7 4 5 6 2 0
0 25 6 1 0 3 4 5 6 7 2
0 27 6 1 6 3 2 5 0 7 4
0 27 6 1 3 7 0 5 6 2 4
0 26 6 1 6 3 4 5 0 7 2
0 28 6 1 6 3 2 5 7 0 4
0 27 6 1 3 7 2 5 6 4 0
0 27 6 1 6 3 4 5 7 0 2
0 28 4 1 6 3 4 5 7 2 0
0 29 6 1 6 3 2 5 7 4 0
0 29 6 1 6 3 0 5 7 2 4
0 26 6 1 3 2 5 4 6 0 7
0 24 6 1 3 2 7 5 6 4 0
0 21 6 1 3 2 4 0 6 7 5
0 22 6 1 3 0 4 5 6 7 2
0 21 6 1 3 0 2 5 6 7 4
0 25 6 1 3 2 0 5 6 4 7
0 27 7 0 1 3 2 5 6 7 4
0 29 4 2 1 3 0 5 6 7 4
0 30 2 2 1 3 4 5 6 7 0
0 31 4 2 1 3 4 5 6 0 7
0 30 5 4 1 3 2 5 6 7 0
0 30 6 2 1 0 3 5 6 7 4
0 32 6 2 1 3 5 0 6 7 4
0 34 4 2 1 3 5 4 6 7 0
0 32 6 2 1 3 7 5 6 0 4
0 33 6 2 1 0 4 5 6 7 3
0 32 6 2 1 0 4 5 6 3 7
0 33 6 2 1 3 7 5 6 4 0
0 34 6 2 1 7 4 5 6 0 3
0 35 4 2 1 7 4 5 6 3 0
0 34 6 2 1 4 0 5 6 7 3
0 35 4 2 1 4 3 5 6 7 0
0 33 6 2 1 4 0 5 6 3 7
0 34 6 2 1 3 0 5 6 4 7
0 36 6 2 1 7 0 5 6 3 4
0 36 6 2 1 4 3 5 6 0 7
0 34 6 2 1 4 7 5 6 3 0
0 36 6 2 1 4 3 5 6 0 7
0 39 6 2 1 7 3 5 6 0 4
0 31 6 2 1 7 3 5 6 0 4
0 35 6 2 1 3 0 4 6 7 5
0 40 6 2 1 7 3 5 6 4 0
0 38 6 2 1 3 4 0 6 7 5
0 32 6 2 1 7 3 5 6 4 0
0 35 6 2 1 3 5 4 6 0 7
0 32 6 2 1 3 4 5 0 6 7
0 32 6 2 1 3 4 0 6 7 5
0 28 7 1 6 3 2 0 5 7 4
0 30 5 1 6 3 2 4 5 7 0
0 31 6 1 6 3 0 2 5 7 4
0 32 4 1 6 3 4 2 5 7 0
0 33 6 1 6 3 4 2 5 0 7
0 26 7 0 1 3 4 5 6 7 2
0 30 7 1 3 2 4 6 0 7 5
0 31 7 1 6 3 0 4 5 7 2
0 34 7 1 6 3 4 0 5 7 2
0 31 7 1 6 3 2 4 5 0 7
0 34 7 1 6 3 4 0 5 7 2
0 27 7 5 1 3 4 0 6 7 2
0 29 4 5 1 3 4 2 6 7 0
0 30 6 5 1 3 0 2 6 7 4
0 30 6 5 1 3 4 2 6 0 7
0 28 7 4 1 3 0 5 6 7 2
0 31 7 1 3 2 4 6 7 0 5
0 32 6 1 3 2 4 6 7 5 0
0 30 7 5 1 3 0 4 6 7 2
0 31 5 5 1 3 2 4 6 7 0
0 33 7 5 1 3 2 0 6 7 4
0 29 7 1 3 2 7 4 6 0 5
0 30 5 1 3 2 7 4 6 5 0
0 32 7 5 1 3 2 4 6 0 7
0 33 7 5 1 3 2 0 6 7 4
0 30 7 1 3 2 7 4 0 6 5
0 31 6 1 3 2 7 0 4 6 5
0 33 4 1 3 2 7 5 4 6 0
0 34 6 1 3 2 0 7 4 6 5
0 35 4 1 3 2 5 7 4 6 0
0 34 6 1 3 2 0 5 4 6 7
0 34 6 1 3 2 7 5 4 0 6
0 36 6 1 3 0 7 5 4 6 2
0 35 6 1 3 0 2 7 4 6 5
0 36 6 1 3 2 5 7 4 0 6
0 37 6 1 3 2 5 0 4 6 7
0 37 6 1 3 2 5 0 4 6 7
0 37 6 1 3 6 7 5 4 0 2
0 38 5 1 3 6 7 5 4 2 0
0 37 6 1 3 7 0 5 4 6 2
0 38 4 1 3 7 2 5 4 6 0
0 36 6 1 3 6 2 7 4 0 5
0 37 4 1 3 6 2 7 4 5 0
0 38 6 1 3 0 5 7 4 6 2
0 39 4 1 3 5 0 7 4 6 2
0 40 2 1 3 5 2 7 4 6 0
0 42 4 1 3 5 7 0 4 6 2
0 44 0 1 3 5 7 2 4 6 0
