0 0 0 4 3 6 0 2 5 1 7
9 1 8 4 3 6 7 2 5 1 0
11 2 9 4 3 6 7 2 5 0 1
12 3 9 4 3 6 1 2 5 0 7
12 3 9 4 3 0 7 2 5 6 1
12 3 9 4 3 6 7 2 0 5 1
13 4 9 4 3 6 1 2 5 7 0
13 4 9 4 3 6 1 2 0 5 7
13 4 9 4 3 7 0 2 5 6 1
12 5 7 4 3 7 1 2 5 6 0
13 1 12 4 3 0 6 2 5 1 7
12 2 10 4 3 1 6 2 5 0 7
13 4 9 4 3 0 1 2 5 6 7
13 3 10 4 3 1 6 2 5 7 0
13 3 10 4 3 1 6 2 0 5 7
13 5 8 4 3 1 0 2 5 6 7
12 6 6 4 3 1 7 2 5 6 0
14 2 12 0 3 6 4 2 5 1 7
14 4 10 4 3 1 0 2 5 7 6
14 3 11 2 3 6 4 0 5 1 7
14 4 10 4 3 0 7 2 5 1 6
13 5 8 4 3 1 7 2 5 0 6
14 4 10 2 3 6 4 5 0 1 7
13 5 8 2 3 6 4 5 1 0 7
12 6 6 2 3 6 4 5 1 7 0
14 4 10 4 3 6 7 0 2 5 1
12 6 6 4 3 6 7 1 2 5 0
14 6 8 4 3 1 7 2 0 5 6
14 6 8 2 3 0 4 5 1 6 7
15 4 11 4 3 1 6 0 2 5 7
15 4 11 0 3 6 7 2 5 1 4
15 7 8 2 0 3 4 5 1 6 7
14 8 6 2 1 3 4 5 0 6 7
13 9 4 2 1 3 4 5 6 0 7
12 10 2 2 1 3 4 5 6 7 0
15 7 8 4 3 6 7 1 2 0 5
15 8 7 0 2 3 4 5 1 6 7
15 7 8 2 3 4 0 5 1 6 7
15 4 11 4 0 6 7 2 3 5 1
15 7 8 4 3 6 0 1 2 5 7
15 5 10 0 3 6 7 4 2 5 1
12 8 4 1 3 6 7 4 2 5 0
15 6 9 4 3 1 6 7 2 5 0
15 7 8 2 3 6 0 5 1 7 4
15 5 10 4 3 7 0 2 5 1 6
15 3 12 4 3 6 7 0 5 1 2
15 9 6 1 3 6 0 4 2 5 7
15 9 6 1 3 6 7 4 2 0 5
15 4 11 4 0 3 7 2 5 6 1
14 5 9 4 5 3 7 2 0 6 1
15 3 12 4 3 6 2 0 5 1 7
15 5 10 0 4 3 7 2 5 6 1
12 8 4 1 4 3 7 2 5 6 0
15 6 9 4 5 3 7 2 6 0 1
15 5 10 4 3 6 2 7 5 1 0
15 9 6 1 4 3 0 2 5 6 7
15 7 8 4 5 3 7 2 6 1 0
15 9 6 1 4 3 7 2 5 0 6
15 6 9 4 3 7 1 2 5 0 6
15 5 10 7 3 6 4 2 5 1 0
15 5 10 0 4 6 7 2 3 5 1
12 8 4 1 4 6 7 2 3 5 0
15 8 7 2 3 4 7 5 1 6 0
15 5 10 2 3 6 4 7 5 1 0
15 11 4 1 2 3 4 5 0 6 7
14 12 2 1 2 3 4 5 6 0 7
13 13 0 1 2 3 4 5 6 7 0
