0 0 0 4 3 6 0 2 5 1 7
0 1 4 4 3 6 7 2 5 1 0
0 2 5 4 3 6 7 2 5 0 1
0 3 4 4 3 0 7 2 5 6 1
0 4 5 0 3 6 7 2 5 1 4
0 4 5 4 3 0 7 2 5 1 6
0 7 5 5 3 6 7 2 0 1 4
0 5 5 4 3 1 7 2 5 0 6
0 6 3 4 3 1 7 2 5 6 0
0 9 4 0 3 1 7 2 5 6 4
0 12 4 5 3 1 7 2 0 6 4
0 4 5 4 0 3 7 2 5 6 1
0 13 5 5 3 1 7 2 6 0 4
0 14 4 5 3 1 7 2 6 4 0
0 13 5 5 3 1 7 0 2 6 4
0 15 4 5 3 1 7 4 2 6 0
0 5 5 4 5 3 7 2 0 6 1
0 17 5 0 3 1 7 2 6 4 5
0 17 5 5 3 0 7 2 6 4 1
0 14 5 0 3 1 7 5 2 6 4
0 17 4 4 3 1 7 5 2 6 0
0 14 5 5 3 0 7 2 6 1 4
0 17 5 2 3 1 7 5 0 6 4
0 20 5 4 3 0 7 5 2 6 1
0 18 5 2 3 1 7 0 5 6 4
0 20 4 2 3 1 7 4 5 6 0
0 5 5 0 4 3 7 2 5 6 1
0 8 3 1 4 3 7 2 5 6 0
0 11 4 1 4 0 7 2 5 6 3
0 12 4 1 0 4 7 2 5 6 3
0 13 4 1 5 4 7 2 0 6 3
0 9 5 1 4 3 0 2 5 6 7
0 9 5 1 4 3 7 2 5 0 6
0 10 5 1 4 3 7 0 5 6 2
0 13 5 0 1 4 7 2 5 6 3
0 16 4 3 1 4 7 2 5 6 0
0 8 5 5 4 3 7 2 0 6 1
0 9 4 5 0 3 7 2 4 6 1
0 10 3 5 3 0 7 2 4 6 1
0 10 4 0 5 3 7 2 4 6 1
0 13 2 1 5 3 7 2 4 6 0
0 16 3 1 5 0 7 2 4 6 3
0 17 2 1 0 5 7 2 4 6 3
0 18 3 1 4 5 7 2 0 6 3
0 18 3 0 1 5 7 2 4 6 3
0 21 2 3 1 5 7 2 4 6 0
0 11 4 5 3 6 7 2 4 0 1
0 12 3 5 3 6 7 2 4 1 0
0 21 4 4 1 5 7 2 0 6 3
0 22 4 3 1 5 0 2 4 6 7
0 22 4 3 1 5 7 2 4 0 6
0 15 4 5 3 0 7 2 4 1 6
0 22 4 4 0 5 7 2 1 6 3
0 24 4 0 1 5 3 2 4 6 7
0 25 3 1 0 5 3 2 4 6 7
0 27 3 7 1 5 3 2 4 6 0
0 24 4 3 1 0 7 2 4 6 5
0 23 4 0 4 5 7 2 1 6 3
0 26 3 3 4 5 7 2 1 6 0
0 26 4 1 4 5 3 2 0 6 7
0 26 4 1 5 0 3 2 4 6 7
0 25 4 3 0 1 7 2 4 6 5
0 26 3 0 3 1 7 2 4 6 5
0 29 2 5 3 1 7 2 4 6 0
0 15 4 0 3 6 7 2 4 1 5
0 23 4 3 1 5 7 0 4 6 2
0 31 4 5 3 1 7 0 4 6 2
0 16 4 5 3 1 7 2 4 0 6
0 14 4 1 5 3 0 2 4 6 7
0 14 4 1 5 3 7 2 4 0 6
0 19 4 1 4 5 7 0 2 6 3
0 21 3 1 4 5 7 3 2 6 0
0 19 4 2 1 5 7 0 4 6 3
0 21 3 2 1 5 7 3 4 6 0
0 19 4 1 4 5 7 2 6 0 3
0 20 3 1 4 5 7 2 6 3 0
0 17 4 1 5 6 7 2 4 0 3
0 18 3 1 5 6 7 2 4 3 0
0 17 4 1 5 7 0 2 4 6 3
0 18 3 1 5 7 3 2 4 6 0
0 15 4 1 5 3 7 0 4 6 2
0 21 4 1 5 0 7 2 4 3 6
0 22 3 1 0 5 7 2 4 3 6
0 20 4 7 1 5 0 2 4 6 3
0 18 4 1 0 3 7 5 4 6 2
0 19 3 1 3 0 7 5 4 6 2
0 23 4 1 4 5 7 2 0 3 6
0 23 4 0 1 5 7 2 4 3 6
0 26 3 6 1 5 7 2 4 3 0
0 20 4 1 3 6 7 5 4 0 2
0 21 3 1 3 6 7 5 4 2 0
0 20 4 1 3 7 0 5 4 6 2
0 21 3 1 3 7 2 5 4 6 0
0 24 4 1 3 0 7 5 4 2 6
0 23 4 1 3 7 5 0 4 6 2
0 25 2 1 3 7 5 2 4 6 0
0 26 3 1 3 7 0 2 4 6 5
0 27 2 1 3 0 7 2 4 6 5
0 28 3 1 3 0 5 2 4 6 7
0 29 2 1 3 5 0 2 4 6 7
0 30 0 1 3 5 7 2 4 6 0
