0 0 0 4 3 6 0 2 5 1 7
0 1 8 4 3 6 7 2 5 1 0
0 3 9 4 3 6 1 2 5 0 7
0 2 9 4 3 6 7 2 5 0 1
0 4 9 4 3 0 1 2 5 6 7
0 5 8 4 3 1 0 2 5 6 7
0 6 6 4 3 1 7 2 5 6 0
0 7 8 4 3 1 7 2 5 0 6
0 8 8 4 3 1 7 2 0 5 6
0 4 9 4 3 6 1 2 0 5 7
0 3 9 4 3 6 7 2 0 5 1
0 9 9 4 3 0 7 2 5 6 1
0 9 9 4 3 1 7 0 2 5 6
0 11 8 4 3 1 7 6 2 5 0
0 3 9 4 3 0 7 2 5 6 1
0 12 9 4 3 1 0 7 2 5 6
0 4 9 4 3 7 0 2 5 6 1
0 5 7 4 3 7 1 2 5 6 0
0 13 9 4 3 1 6 7 2 5 0
0 10 9 0 3 1 7 4 2 5 6
0 13 8 2 3 1 7 4 0 5 6
0 14 7 2 3 1 7 0 4 5 6
0 16 6 2 3 1 7 6 4 5 0
0 17 7 2 3 1 0 7 4 5 6
0 15 7 0 3 1 7 2 4 5 6
0 18 6 6 3 1 7 2 4 5 0
0 18 7 2 3 1 6 7 4 5 0
0 20 7 2 3 1 5 7 4 0 6
0 21 5 2 3 1 5 7 4 6 0
0 17 7 7 3 1 0 2 4 5 6
0 22 7 2 3 1 0 7 4 6 5
0 23 7 2 3 1 5 0 4 6 7
0 18 7 7 3 1 6 2 4 5 0
0 20 7 7 3 1 5 2 4 0 6
0 21 5 7 3 1 5 2 4 6 0
0 25 7 2 3 1 7 0 4 6 5
0 27 5 2 3 1 7 5 4 6 0
0 24 7 0 3 1 5 2 4 6 7
0 26 6 5 3 1 0 2 4 6 7
0 27 4 5 3 1 7 2 4 6 0
0 28 6 5 3 1 7 2 4 0 6
0 22 7 7 3 1 0 2 4 6 5
0 30 7 0 3 1 7 2 4 6 5
0 30 7 5 3 0 7 2 4 6 1
0 24 7 0 3 1 7 2 4 6 5
0 31 7 5 3 6 7 2 4 0 1
0 32 6 5 3 6 7 2 4 1 0
0 31 7 5 3 7 0 2 4 6 1
0 32 5 5 3 7 1 2 4 6 0
0 24 7 0 3 1 5 2 4 6 7
0 33 7 5 3 7 1 2 4 0 6
0 35 7 5 3 0 1 2 4 6 7
0 28 7 2 3 1 0 5 4 6 7
0 36 7 5 3 6 1 2 4 0 7
0 28 7 2 3 1 7 5 4 0 6
0 37 7 5 3 6 1 2 4 7 0
0 27 7 5 3 0 1 2 4 6 7
0 26 7 0 3 1 7 2 4 6 5
0 26 7 2 3 1 0 5 4 6 7
0 33 8 0 3 7 5 2 4 6 1
0 36 2 1 3 7 5 2 4 6 0
0 37 4 1 3 7 0 2 4 6 5
0 37 4 1 3 7 5 2 4 0 6
0 39 4 1 3 0 5 2 4 6 7
0 40 2 1 3 5 0 2 4 6 7
0 41 0 1 3 5 7 2 4 6 0
