0 0 4 3 6 0 2 5 1 7
1 3 4 3 6 1 2 5 0 7
6 1 4 3 0 1 2 5 6 7
1 1 4 3 1 0 2 5 6 7
7 1 4 3 1 7 2 5 6 0
6 1 4 3 1 7 2 5 0 6
5 1 4 3 1 7 2 0 5 6
2 1 4 3 1 7 0 2 5 6
4 1 0 3 1 7 4 2 5 6
2 3 2 3 1 7 4 0 5 6
4 1 2 3 1 7 0 4 5 6
2 1 0 3 1 7 2 4 5 6
7 2 7 3 1 0 2 4 5 6
5 3 7 3 1 5 2 4 0 6
6 1 7 3 1 5 2 4 6 0
7 3 0 3 1 5 2 4 6 7
5 2 5 3 1 0 2 4 6 7
7 1 5 3 1 7 2 4 6 0
1 3 5 3 0 7 2 4 6 1
7 1 5 3 7 0 2 4 6 1
5 2 0 3 7 5 2 4 6 1
1 3 1 3 7 5 2 4 6 0
7 3 1 3 0 5 2 4 6 7
5 1 1 3 5 0 2 4 6 7
7 1 1 3 5 7 2 4 6 0
41 0.013193607330322266