0 0 0 4 1 7 2 5 0 6 3
10 1 9 4 1 7 2 5 6 0 3
9 2 7 4 1 7 2 5 6 3 0
11 2 9 4 1 0 2 5 6 7 3
10 3 7 4 1 2 0 5 6 7 3
9 4 5 4 1 2 3 5 6 7 0
12 3 9 4 1 7 0 5 6 3 2
12 5 7 0 1 2 4 5 6 7 3
12 5 7 4 1 2 3 5 6 0 7
12 6 6 1 0 2 4 5 6 7 3
11 7 4 1 2 0 4 5 6 7 3
12 8 4 3 1 2 4 5 6 7 0
12 8 4 1 2 7 4 5 6 0 3
11 9 2 1 2 7 4 5 6 3 0
12 8 4 1 2 4 0 5 6 7 3
11 9 2 1 2 4 3 5 6 7 0
13 1 12 4 1 7 2 0 5 6 3
12 3 9 4 1 7 2 3 5 6 0
13 6 7 5 1 2 4 0 6 7 3
13 7 6 1 6 2 4 5 0 7 3
13 8 5 5 1 2 4 3 6 7 0
14 3 11 4 0 1 2 5 6 7 3
14 5 9 0 1 7 4 5 6 3 2
12 8 4 2 1 7 4 5 6 3 0
14 5 9 0 1 7 2 5 6 3 4
13 7 6 2 1 7 0 5 6 3 4
14 6 8 1 0 7 2 5 6 3 4
14 10 4 1 2 7 0 5 6 3 4
14 7 7 0 1 2 3 5 6 7 4
14 6 8 1 0 7 4 5 6 3 2
14 8 6 1 6 2 4 5 7 0 3
13 9 4 1 6 2 4 5 7 3 0
14 1 13 4 0 7 2 5 1 6 3
14 2 12 0 1 7 2 4 5 6 3
12 5 7 3 1 7 2 4 5 6 0
13 4 9 2 1 7 0 4 5 6 3
12 5 7 2 1 7 3 4 5 6 0
14 4 10 4 1 7 0 2 5 6 3
13 5 8 4 1 7 3 2 5 6 0
14 10 4 1 2 4 3 5 6 0 7
14 5 9 4 1 0 2 5 6 3 7
13 6 7 4 1 3 2 5 6 0 7
12 7 5 4 1 3 2 5 6 7 0
13 6 7 4 1 2 0 5 6 3 7
14 3 11 1 0 7 2 4 5 6 3
13 4 9 1 5 7 2 4 0 6 3
13 5 8 1 5 7 2 0 4 6 3
12 7 5 1 5 7 2 3 4 6 0
14 7 7 4 1 2 7 5 6 3 0
14 5 9 1 5 7 2 4 6 0 3
13 6 7 1 5 7 2 4 6 3 0
14 8 6 1 5 7 0 2 4 6 3
13 9 4 1 5 7 3 2 4 6 0
14 8 6 1 0 2 3 5 6 7 4
13 9 4 1 2 0 3 5 6 7 4
12 10 2 1 2 3 0 5 6 7 4
11 11 0 1 2 3 4 5 6 7 0
