0 0 0 4 3 2 5 7 1 0 6
0 1 5 4 3 2 5 7 1 6 0
0 2 6 4 3 2 0 7 1 6 5
0 5 5 4 3 2 7 0 1 6 5
0 7 4 4 3 2 7 5 1 6 0
0 6 5 0 3 2 7 4 1 6 5
0 9 4 1 3 2 7 4 0 6 5
0 10 3 1 3 2 7 0 4 6 5
0 12 2 1 3 2 7 5 4 6 0
0 15 3 1 3 0 7 5 4 6 2
0 9 4 5 3 2 7 4 1 6 0
0 13 4 1 3 2 7 5 4 0 6
0 16 4 1 0 3 7 5 4 6 2
0 15 4 0 3 2 7 5 4 6 1
0 14 4 1 3 0 7 5 4 2 6
0 16 4 1 3 6 7 5 4 0 2
0 17 3 1 3 6 7 5 4 2 0
0 16 4 1 3 7 0 5 4 6 2
0 17 3 1 3 7 2 5 4 6 0
0 13 4 1 0 2 7 3 4 6 5
0 13 4 1 3 2 0 7 4 6 5
0 14 3 1 3 2 5 7 4 6 0
0 13 4 1 3 2 0 5 4 6 7
0 14 4 1 3 0 2 7 4 6 5
0 16 4 1 3 2 5 0 4 6 7
0 16 4 1 3 2 5 0 4 6 7
0 17 4 1 3 0 5 7 4 6 2
0 18 3 1 3 5 0 7 4 6 2
0 19 2 1 3 5 2 7 4 6 0
0 21 2 1 3 5 7 0 4 6 2
0 23 0 1 3 5 7 2 4 6 0
