0 0 0 4 3 2 5 7 1 0 6
0 1 8 4 3 2 5 7 1 6 0
0 2 10 4 3 2 0 7 1 6 5
0 4 10 4 3 0 5 7 1 6 2
0 5 8 4 3 5 0 7 1 6 2
0 6 6 4 3 5 2 7 1 6 0
0 8 8 4 3 5 7 0 1 6 2
0 10 4 4 3 5 7 2 1 6 0
0 11 6 4 3 5 0 2 1 6 7
0 11 6 4 3 5 7 2 1 0 6
0 9 7 4 3 5 7 1 0 6 2
0 13 7 0 3 5 7 2 1 6 4
0 16 4 1 3 5 7 2 0 6 4
0 17 4 1 3 5 7 2 6 0 4
0 18 2 1 3 5 7 2 6 4 0
0 19 4 1 3 5 0 2 6 4 7
0 17 5 1 3 5 7 0 2 6 4
0 19 2 1 3 5 7 4 2 6 0
0 20 4 1 3 5 0 4 2 6 7
0 20 4 1 3 5 7 4 2 0 6
0 22 5 1 3 5 4 2 6 0 7
0 20 5 1 3 5 0 7 2 6 4
0 21 4 1 3 5 4 7 2 6 0
0 23 5 1 3 5 4 2 6 7 0
0 23 5 1 3 5 4 2 0 6 7
0 23 6 1 3 5 4 0 2 6 7
0 24 6 1 3 5 0 2 6 7 4
0 24 6 1 3 5 4 0 2 6 7
0 23 6 1 3 5 4 0 2 6 7
0 22 6 1 3 5 4 7 2 0 6
0 23 6 1 3 5 6 4 2 0 7
0 21 6 1 3 0 7 4 2 5 6
0 21 6 1 3 5 7 4 0 2 6
0 22 5 1 3 5 7 0 4 2 6
0 24 4 1 3 5 7 6 4 2 0
0 25 5 1 3 5 0 7 4 2 6
0 28 4 1 3 5 2 7 4 0 6
0 29 2 1 3 5 2 7 4 6 0
0 30 4 1 3 5 0 7 4 6 2
0 31 4 1 3 5 2 0 4 6 7
0 34 2 1 3 5 0 2 4 6 7
0 35 0 1 3 5 7 2 4 6 0
