0 0 0 2 0 7 1 4 5 3 6
12 1 11 2 5 7 1 4 0 3 6
11 2 9 2 5 7 1 4 3 0 6
10 3 7 2 5 7 1 4 3 6 0
12 1 11 0 2 7 1 4 5 3 6
10 3 7 1 2 7 0 4 5 3 6
10 4 6 1 2 7 6 4 5 3 0
12 2 10 2 5 7 1 0 4 3 6
12 4 8 6 2 7 1 4 5 3 0
13 1 12 2 7 0 1 4 5 3 6
12 2 10 2 7 3 1 4 5 0 6
11 3 8 2 7 3 1 4 5 6 0
13 5 8 1 2 7 6 4 5 0 3
13 4 9 1 2 0 7 4 5 3 6
12 5 7 1 2 3 7 4 5 0 6
11 6 5 1 2 3 7 4 5 6 0
12 7 5 1 2 3 0 4 5 6 7
13 6 7 1 2 7 4 0 5 3 6
12 8 4 1 2 7 4 6 5 3 0
13 2 11 2 7 1 0 4 5 3 6
13 4 9 2 5 7 0 4 3 6 1
13 5 8 2 5 7 0 1 4 3 6
13 3 10 2 7 1 6 4 5 3 0
13 6 7 1 2 7 3 4 5 0 6
12 7 5 1 2 7 3 4 5 6 0
13 2 11 4 2 7 1 0 5 3 6
12 4 8 4 2 7 1 6 5 3 0
13 4 9 2 5 7 1 6 4 3 0
13 3 10 4 2 7 1 5 0 3 6
13 7 6 1 2 7 4 5 0 3 6
13 3 10 0 5 7 1 2 4 3 6
11 5 6 1 5 7 0 2 4 3 6
12 6 6 1 5 7 6 2 4 3 0
12 6 6 1 5 0 7 2 4 3 6
11 7 4 1 5 3 7 2 4 0 6
10 8 2 1 5 3 7 2 4 6 0
13 7 6 1 0 5 7 2 4 3 6
13 9 4 1 5 3 0 2 4 6 7
14 6 8 1 2 0 6 4 5 7 3
14 4 10 2 7 3 0 4 5 6 1
14 7 7 1 2 0 3 4 5 7 6
13 8 5 1 2 3 0 4 5 7 6
13 9 4 1 2 3 6 4 5 7 0
14 6 8 2 5 7 6 1 4 3 0
14 6 8 2 5 0 7 1 4 3 6
13 7 6 2 5 3 7 1 4 0 6
12 8 4 2 5 3 7 1 4 6 0
14 3 11 2 7 3 1 4 0 5 6
14 6 8 1 2 3 7 4 0 5 6
14 4 10 2 7 3 1 0 4 5 6
14 7 7 1 2 3 7 0 4 5 6
14 5 9 2 5 0 7 4 3 6 1
14 7 7 1 2 6 0 4 5 7 3
13 8 5 1 2 6 3 4 5 7 0
14 8 6 1 5 3 7 2 0 4 6
14 8 6 1 4 5 7 2 0 3 6
13 9 4 1 4 5 7 2 3 0 6
12 10 2 1 4 5 7 2 3 6 0
14 5 9 4 2 7 0 1 5 3 6
14 6 8 1 2 7 6 0 5 3 4
14 6 8 4 2 7 6 1 5 3 0
14 8 6 1 5 7 3 2 4 0 6
13 9 4 1 5 7 3 2 4 6 0
14 4 10 5 2 7 1 4 0 3 6
14 3 11 2 5 0 1 4 3 7 6
14 4 10 4 2 7 1 5 3 0 6
13 5 8 4 2 7 1 5 3 6 0
14 8 6 1 2 7 4 5 3 0 6
13 9 4 1 2 7 4 5 3 6 0
14 7 7 1 2 7 6 5 0 3 4
14 4 10 2 5 1 0 4 3 7 6
15 8 7 1 2 7 0 4 5 6 3
15 9 6 1 2 3 7 6 4 5 0
15 11 4 1 4 5 0 2 3 6 7
15 6 9 2 5 6 7 4 3 0 1
15 6 9 2 0 5 7 4 3 6 1
14 7 7 2 3 5 7 4 0 6 1
14 8 6 2 3 5 7 0 4 6 1
12 10 2 2 3 5 7 1 4 6 0
15 7 8 2 7 3 0 1 4 5 6
15 6 9 2 7 3 1 6 4 5 0
15 7 8 1 0 3 7 4 2 5 6
14 8 6 1 3 0 7 4 2 5 6
13 9 4 1 3 5 7 4 2 0 6
12 10 2 1 3 5 7 4 2 6 0
15 9 6 2 5 3 0 1 4 6 7
15 7 8 2 0 5 7 1 4 3 6
15 5 10 2 5 7 1 0 3 6 4
15 5 10 4 2 7 0 6 5 3 1
15 11 4 1 3 5 0 4 2 6 7
15 9 6 1 3 7 0 4 2 5 6
15 5 10 2 7 3 1 0 5 6 4
15 5 10 0 7 3 1 2 4 5 6
13 7 6 1 7 3 0 2 4 5 6
14 8 6 1 7 3 6 2 4 5 0
15 6 9 2 7 3 1 5 0 6 4
14 7 7 2 7 3 1 5 6 0 4
15 11 4 2 3 5 7 1 4 0 6
15 8 7 2 7 3 1 5 6 4 0
15 11 4 2 3 5 0 1 4 6 7
15 6 9 2 5 0 1 4 3 6 7
15 9 6 1 2 7 0 6 5 3 4
15 7 8 2 5 1 0 4 3 6 7
14 8 6 2 5 1 7 4 3 6 0
15 5 10 6 2 7 0 4 5 3 1
15 5 10 6 2 7 1 4 5 0 3
15 8 7 0 1 5 7 2 4 3 6
15 9 6 0 3 5 7 2 4 6 1
12 12 0 1 3 5 7 2 4 6 0
