0 0 0 2 0 7 1 4 5 3 6
0 1 11 2 5 7 1 4 0 3 6
0 2 9 2 5 7 1 4 3 0 6
0 3 7 2 5 7 1 4 3 6 0
0 4 9 2 5 7 0 4 3 6 1
0 6 9 2 5 0 1 4 3 6 7
0 7 8 2 5 1 0 4 3 6 7
0 8 6 2 5 1 7 4 3 6 0
0 9 8 2 5 1 7 4 3 0 6
0 7 9 2 0 5 1 4 3 6 7
0 8 7 2 3 5 1 4 0 6 7
0 9 6 2 3 5 1 0 4 6 7
0 11 4 2 3 5 1 7 4 6 0
0 12 4 2 3 5 0 1 4 6 7
0 13 2 2 3 5 7 1 4 6 0
0 14 4 2 3 5 7 1 4 0 6
0 12 6 2 3 5 0 7 4 6 1
0 12 6 2 3 5 1 7 4 0 6
0 14 6 0 3 5 2 1 4 6 7
0 15 4 1 3 5 2 0 4 6 7
0 17 2 1 3 5 2 7 4 6 0
0 18 2 1 3 5 0 2 4 6 7
0 19 0 1 3 5 7 2 4 6 0
