0 0 0 6 0 1 7 5 4 2 3
14 1 13 6 1 0 7 5 4 2 3
13 2 11 6 1 2 7 5 4 0 3
12 3 9 6 1 2 7 5 4 3 0
13 2 11 6 1 7 0 5 4 2 3
12 3 9 6 1 7 3 5 4 2 0
13 4 9 6 1 2 0 5 4 3 7
15 1 14 6 4 1 7 5 0 2 3
14 2 12 6 4 1 7 5 2 0 3
13 3 10 6 4 1 7 5 2 3 0
14 4 10 6 4 1 0 5 2 3 7
15 1 14 0 6 1 7 5 4 2 3
13 4 9 3 6 1 7 5 4 2 0
15 4 11 6 1 7 3 5 4 0 2
15 2 13 5 6 1 7 0 4 2 3
14 4 10 5 6 1 7 3 4 2 0
15 5 10 3 6 1 7 5 4 0 2
15 3 12 6 1 2 7 5 0 4 3
16 5 11 3 6 1 0 5 4 2 7
16 5 11 6 1 0 3 5 4 7 2
15 6 9 6 1 3 0 5 4 7 2
14 7 7 6 1 3 2 5 4 7 0
16 3 13 7 6 1 0 5 4 2 3
15 4 11 7 6 1 3 5 4 2 0
16 5 11 6 1 0 2 5 4 3 7
15 6 9 6 1 3 2 5 4 0 7
16 3 13 5 6 1 7 4 0 2 3
15 4 11 5 6 1 7 4 2 0 3
14 5 9 5 6 1 7 4 2 3 0
15 6 9 5 6 1 0 4 2 3 7
16 5 11 6 1 7 2 5 4 0 3
15 6 9 6 1 7 2 5 4 3 0
16 5 11 6 4 0 1 5 2 3 7
15 6 9 6 4 3 1 5 2 0 7
14 7 7 6 4 3 1 5 2 7 0
16 7 9 6 1 2 3 5 4 0 7
15 8 7 6 1 2 3 5 4 7 0
16 5 11 5 6 1 7 3 4 0 2
17 6 11 6 1 0 2 5 4 7 3
16 7 9 6 1 2 0 5 4 7 3
17 7 10 6 1 3 2 5 0 4 7
17 4 13 5 0 1 7 4 6 2 3
16 5 11 5 1 0 7 4 6 2 3
15 6 9 5 1 2 7 4 6 0 3
14 7 7 5 1 2 7 4 6 3 0
15 6 9 5 1 7 0 4 6 2 3
14 7 7 5 1 7 3 4 6 2 0
15 8 7 5 1 2 0 4 6 3 7
17 6 11 0 1 2 7 5 4 3 6
17 6 11 0 1 2 6 5 4 3 7
17 6 11 3 6 1 7 0 4 2 5
17 7 10 6 4 1 3 5 2 0 7
16 8 8 6 4 1 3 5 2 7 0
17 5 12 6 1 2 7 0 4 3 5
17 7 10 1 0 2 6 5 4 3 7
16 8 8 1 2 0 6 5 4 3 7
15 9 6 1 2 3 6 5 4 0 7
14 10 4 1 2 3 6 5 4 7 0
16 9 7 1 2 6 0 5 4 3 7
16 11 5 1 2 3 0 5 4 7 6
17 2 15 6 4 1 7 0 5 2 3
16 4 12 6 4 1 7 3 5 2 0
17 8 9 1 4 2 6 5 0 3 7
17 10 7 1 2 3 6 5 0 4 7
17 10 7 1 2 6 7 5 4 3 0
17 5 12 6 1 7 3 5 0 4 2
17 8 9 5 1 7 3 4 6 0 2
17 7 10 5 1 2 7 0 4 3 6
17 7 10 1 0 2 7 5 4 3 6
17 7 10 5 6 0 1 4 2 3 7
16 8 8 5 6 3 1 4 2 0 7
15 9 6 5 6 3 1 4 2 7 0
17 4 13 4 6 1 7 5 0 2 3
16 5 11 4 6 1 7 5 2 0 3
15 6 9 4 6 1 7 5 2 3 0
16 7 9 4 6 1 0 5 2 3 7
17 6 11 6 1 0 3 5 4 2 7
16 7 9 6 1 3 0 5 4 2 7
17 4 13 6 1 2 7 0 5 4 3
17 8 9 1 2 0 7 5 4 3 6
16 9 7 1 2 3 7 5 4 0 6
15 10 5 1 2 3 7 5 4 6 0
16 9 7 1 2 7 0 5 4 3 6
16 11 5 1 2 3 0 5 4 6 7
16 10 6 1 2 7 6 5 4 3 0
17 6 11 6 1 2 7 3 5 4 0
17 8 9 6 1 3 7 5 4 2 0
17 6 11 6 0 4 1 5 2 3 7
16 7 9 6 2 4 1 5 0 3 7
17 3 14 6 4 0 7 5 2 1 3
16 4 12 6 4 7 0 5 2 1 3
15 5 10 6 4 7 3 5 2 1 0
17 4 13 0 1 7 6 5 4 2 3
16 7 9 3 1 7 6 5 4 2 0
17 7 10 0 6 4 1 5 2 3 7
15 9 6 1 6 4 0 5 2 3 7
16 10 6 1 6 4 7 5 2 3 0
16 10 6 1 6 0 4 5 2 3 7
15 11 4 1 6 3 4 5 2 0 7
14 12 2 1 6 3 4 5 2 7 0
17 8 9 6 2 4 1 5 3 0 7
16 9 7 6 2 4 1 5 3 7 0
17 13 4 1 6 3 0 5 2 7 4
17 6 11 6 4 7 3 5 2 0 1
17 5 12 5 6 1 0 3 4 2 7
17 8 9 6 4 3 0 5 2 7 1
17 8 9 3 1 7 0 5 4 2 6
17 5 12 1 0 7 6 5 4 2 3
17 6 11 1 4 7 6 5 0 2 3
16 7 9 1 4 7 6 5 2 0 3
15 8 7 1 4 7 6 5 2 3 0
17 8 9 1 4 0 6 5 2 7 3
17 9 8 1 4 7 0 5 2 3 6
17 9 8 1 4 6 0 5 2 7 3
16 10 6 1 4 6 3 5 2 7 0
18 5 13 5 6 0 7 4 2 1 3
17 6 11 5 6 7 0 4 2 1 3
16 7 9 5 6 7 3 4 2 1 0
18 9 9 1 0 4 6 5 2 7 3
17 10 7 1 2 4 6 5 0 7 3
18 7 11 6 1 2 5 0 4 3 7
18 8 10 5 6 7 3 4 2 0 1
18 11 7 1 2 4 6 5 7 0 3
17 12 5 1 2 4 6 5 7 3 0
18 8 10 6 1 2 5 4 0 3 7
18 6 12 6 1 2 7 4 0 3 5
18 6 12 0 1 2 7 6 4 3 5
18 5 13 7 6 1 3 5 4 0 2
18 7 11 6 1 2 7 4 3 0 5
17 8 9 6 1 2 7 4 3 5 0
18 6 12 1 7 0 6 5 4 2 3
17 7 10 1 7 2 6 5 4 0 3
16 8 8 1 7 2 6 5 4 3 0
18 7 11 6 4 0 3 5 2 7 1
18 3 15 0 4 1 7 6 5 2 3
16 6 10 3 4 1 7 6 5 2 0
18 5 13 6 4 1 7 3 5 0 2
18 12 6 1 6 3 4 5 0 2 7
18 6 12 3 6 1 7 5 0 4 2
18 6 12 0 1 7 3 5 4 2 6
18 9 9 5 6 1 4 0 2 3 7
18 5 13 5 6 1 0 7 4 2 3
17 6 11 5 6 1 3 7 4 2 0
18 4 14 7 6 0 1 5 4 2 3
17 5 12 7 6 2 1 5 4 0 3
16 6 10 7 6 2 1 5 4 3 0
18 5 13 6 4 1 7 0 2 3 5
18 7 11 5 1 2 6 0 4 3 7
18 9 9 5 1 0 2 4 6 3 7
17 10 7 5 1 3 2 4 6 0 7
16 11 5 5 1 3 2 4 6 7 0
18 8 10 5 6 4 1 0 2 3 7
18 9 9 5 1 7 3 0 6 2 4
18 7 11 6 4 7 1 5 2 0 3
17 8 9 6 4 7 1 5 2 3 0
18 7 11 6 1 2 0 3 5 4 7
18 9 9 5 1 7 2 4 6 0 3
17 10 7 5 1 7 2 4 6 3 0
18 5 13 0 5 1 7 4 6 2 3
16 8 8 3 5 1 7 4 6 2 0
18 6 12 0 4 1 7 5 2 3 6
18 9 9 5 1 2 7 0 6 3 4
18 11 7 5 1 2 4 0 6 3 7
18 8 10 6 2 4 1 0 5 3 7
18 9 9 5 1 7 4 0 6 2 3
18 11 7 5 1 2 3 4 6 0 7
17 12 5 5 1 2 3 4 6 7 0
18 6 12 6 1 0 7 5 4 3 2
17 7 10 6 1 3 7 5 4 0 2
18 7 11 6 1 7 0 5 4 3 2
18 9 9 5 6 1 3 4 2 0 7
17 10 7 5 6 1 3 4 2 7 0
18 11 7 5 1 7 4 3 6 2 0
18 9 9 3 5 1 7 4 6 0 2
18 7 11 5 4 1 7 0 2 3 6
18 7 11 6 1 7 0 5 4 3 2
18 7 11 6 1 2 7 3 5 0 4
18 8 10 5 4 1 7 2 0 3 6
17 9 8 5 4 1 7 2 3 0 6
16 10 6 5 4 1 7 2 3 6 0
18 6 12 6 1 7 2 5 0 4 3
18 4 14 6 0 4 7 5 2 1 3
17 5 12 6 2 4 7 5 0 1 3
16 6 10 6 2 4 7 5 1 0 3
15 7 8 6 2 4 7 5 1 3 0
16 8 8 6 2 4 0 5 1 3 7
17 9 8 6 2 0 4 5 1 3 7
16 10 6 6 2 3 4 5 1 0 7
15 11 4 6 2 3 4 5 1 7 0
18 7 11 5 1 2 7 4 0 6 3
18 5 13 0 1 2 7 6 5 4 3
17 8 9 3 1 2 7 6 5 4 0
18 5 13 0 6 4 7 5 2 1 3
18 12 6 6 2 3 0 5 1 7 4
18 8 10 3 6 4 7 5 2 1 0
18 8 10 5 1 2 7 0 4 6 3
17 10 7 5 1 2 7 3 4 6 0
18 6 12 1 0 2 7 6 5 4 3
17 7 10 1 2 0 7 6 5 4 3
16 8 8 1 2 4 7 6 5 0 3
15 9 6 1 2 4 7 6 5 3 0
16 8 8 1 2 7 0 6 5 4 3
15 9 6 1 2 7 3 6 5 4 0
16 10 6 1 2 4 0 6 5 3 7
16 10 6 1 2 7 3 6 5 0 4
17 11 6 1 2 7 4 6 5 0 3
16 12 4 1 2 7 4 6 5 3 0
17 11 6 1 2 0 4 6 5 3 7
16 12 4 1 2 3 4 6 5 0 7
15 13 2 1 2 3 4 6 5 7 0
17 11 6 1 2 0 3 6 5 7 4
16 12 4 1 2 3 0 6 5 7 4
18 6 12 3 6 0 7 5 4 1 2
18 9 9 5 1 2 7 6 4 3 0
18 9 9 1 4 2 6 5 3 0 7
17 10 7 1 4 2 6 5 3 7 0
18 7 11 3 4 1 7 6 5 0 2
18 9 9 0 6 1 4 5 2 3 7
18 4 14 6 0 2 7 5 1 4 3
17 5 12 6 2 0 7 5 1 4 3
16 6 10 6 2 7 0 5 1 4 3
15 7 8 6 2 7 3 5 1 4 0
16 8 8 6 2 7 3 5 1 0 4
17 9 8 6 2 0 3 5 1 7 4
16 10 6 6 2 3 0 5 1 7 4
17 9 8 6 2 7 4 5 1 0 3
16 10 6 6 2 7 4 5 1 3 0
18 10 8 6 2 0 4 5 1 7 3
18 5 13 0 6 2 7 5 1 4 3
18 12 6 1 2 0 4 6 5 7 3
18 9 9 5 1 0 3 4 6 7 2
17 10 7 5 1 3 0 4 6 7 2
18 9 9 1 7 2 0 5 4 3 6
18 8 10 3 6 2 7 5 1 4 0
18 8 10 1 6 2 7 5 0 4 3
18 5 13 6 4 1 0 3 5 2 7
18 9 9 1 6 2 7 5 4 0 3
17 10 7 1 6 2 7 5 4 3 0
18 7 11 1 5 2 7 6 0 4 3
17 8 9 1 5 2 7 6 4 0 3
16 9 7 1 5 2 7 6 4 3 0
18 11 7 1 6 2 0 5 4 3 7
18 8 10 1 5 2 7 0 6 4 3
17 10 7 1 5 2 7 3 6 4 0
18 8 10 3 1 7 6 5 4 0 2
18 8 10 4 6 0 1 5 2 3 7
17 9 8 4 6 3 1 5 2 0 7
16 10 6 4 6 3 1 5 2 7 0
18 8 10 5 1 2 6 4 0 3 7
18 6 12 3 6 0 1 5 4 2 7
17 7 10 3 6 2 1 5 4 0 7
16 8 8 3 6 2 1 5 4 7 0
18 5 13 6 1 7 5 0 4 2 3
17 7 10 6 1 7 5 3 4 2 0
18 5 13 4 0 1 7 5 6 2 3
17 6 11 4 1 0 7 5 6 2 3
16 7 9 4 1 2 7 5 6 0 3
15 8 7 4 1 2 7 5 6 3 0
16 7 9 4 1 7 0 5 6 2 3
15 8 7 4 1 7 3 5 6 2 0
16 9 7 4 1 2 0 5 6 3 7
18 7 11 1 7 6 0 5 4 2 3
17 8 9 1 7 6 3 5 4 2 0
18 6 12 6 1 7 5 4 0 2 3
17 7 10 6 1 7 5 4 2 0 3
16 8 8 6 1 7 5 4 2 3 0
18 9 9 0 1 7 4 5 6 2 3
18 6 12 0 4 1 6 5 2 3 7
18 9 9 4 1 7 3 5 6 0 2
18 10 8 5 6 3 0 4 2 7 1
18 12 6 3 1 7 4 5 6 2 0
18 7 11 1 0 7 3 5 4 2 6
18 8 10 1 4 7 3 5 0 2 6
17 9 8 1 4 7 3 5 2 0 6
16 10 6 1 4 7 3 5 2 6 0
18 10 8 1 4 0 3 5 2 7 6
17 11 6 1 4 3 0 5 2 7 6
17 12 5 1 4 3 6 5 2 7 0
18 10 8 1 2 3 7 5 0 4 6
18 6 12 6 4 1 7 2 0 3 5
17 7 10 6 4 1 7 2 3 0 5
16 8 8 6 4 1 7 2 3 5 0
18 7 11 6 4 3 1 5 0 2 7
18 9 9 3 1 0 7 5 4 2 6
18 7 11 1 0 2 7 6 4 3 5
18 8 10 1 4 2 7 5 0 3 6
17 9 8 1 4 2 7 5 3 0 6
16 10 6 1 4 2 7 5 3 6 0
18 7 11 5 6 1 7 0 2 3 4
18 8 10 6 1 0 5 4 2 7 3
18 10 8 1 0 7 4 5 6 2 3
18 5 13 6 1 7 3 0 4 2 5
18 7 11 5 1 7 3 0 4 2 6
18 12 6 1 6 4 3 5 2 0 7
17 13 4 1 6 4 3 5 2 7 0
18 8 10 1 2 0 7 6 4 3 5
17 9 8 1 2 3 7 6 4 0 5
16 10 6 1 2 3 7 6 4 5 0
17 9 8 1 2 7 0 6 4 3 5
16 10 6 1 2 7 5 6 4 3 0
18 10 8 3 1 2 7 5 4 0 6
17 11 6 3 1 2 7 5 4 6 0
18 6 12 6 1 7 3 4 0 2 5
17 7 10 6 1 7 3 4 2 0 5
17 8 9 6 1 7 3 4 2 5 0
18 9 9 5 1 7 3 6 4 2 0
18 11 7 1 2 3 0 6 4 5 7
18 8 10 3 6 1 2 5 4 0 7
18 8 10 6 1 0 3 4 2 7 5
17 9 8 6 1 3 0 4 2 7 5
16 10 6 6 1 3 5 4 2 7 0
18 8 10 6 1 2 3 5 0 4 7
18 9 9 5 1 2 7 6 4 3 0
18 5 13 5 1 7 6 0 4 2 3
17 7 10 5 1 7 6 3 4 2 0
18 8 10 5 1 7 0 3 4 2 6
18 9 9 3 6 1 2 5 4 7 0
18 11 7 0 1 2 4 5 6 3 7
18 6 12 5 1 7 6 4 0 2 3
17 7 10 5 1 7 6 4 2 0 3
16 8 8 5 1 7 6 4 2 3 0
18 12 6 1 0 2 4 5 6 3 7
17 13 4 1 2 0 4 5 6 3 7
16 14 2 1 2 3 4 5 6 0 7
15 15 0 1 2 3 4 5 6 7 0
