0 0 0 6 0 1 7 5 4 2 3
0 1 13 6 1 0 7 5 4 2 3
0 2 11 6 1 2 7 5 4 0 3
0 3 9 6 1 2 7 5 4 3 0
0 4 9 6 1 2 0 5 4 3 7
0 7 9 6 1 2 3 5 4 0 7
0 8 7 6 1 2 3 5 4 7 0
0 9 9 6 1 2 0 5 4 7 3
0 8 10 6 1 2 3 5 0 4 7
0 11 10 0 1 2 3 5 4 7 6
0 12 9 1 0 2 3 5 4 7 6
0 13 7 1 2 0 3 5 4 7 6
0 14 5 1 2 3 0 5 4 7 6
0 15 4 1 2 3 6 5 4 7 0
0 16 6 1 2 3 6 5 4 0 7
0 14 7 1 2 7 3 5 4 0 6
0 15 5 1 2 7 3 5 4 6 0
0 17 7 1 2 3 5 0 4 7 6
0 19 4 1 2 3 5 6 4 7 0
0 18 6 1 2 3 5 4 0 7 6
0 20 6 1 2 3 0 6 4 7 5
0 20 6 1 2 3 5 6 4 0 7
0 19 6 1 2 3 5 4 7 0 6
0 20 4 1 2 3 5 4 7 6 0
0 21 6 1 2 3 0 4 7 6 5
0 22 6 1 2 3 5 0 7 6 4
0 25 4 1 2 3 0 5 7 6 4
0 26 2 1 2 3 4 5 7 6 0
0 27 4 1 2 3 4 5 7 0 6
0 28 4 1 2 3 4 5 0 7 6
0 28 5 1 2 3 6 5 7 0 4
0 29 5 1 2 3 4 0 5 7 6
0 31 2 1 2 3 4 6 5 7 0
0 32 4 1 2 3 0 6 5 7 4
0 32 4 1 2 3 4 6 5 0 7
0 29 5 1 2 3 6 5 7 4 0
0 29 5 1 2 3 6 5 0 7 4
0 32 5 1 2 3 0 4 5 7 6
0 33 4 1 2 3 6 4 5 7 0
0 28 6 1 2 3 4 0 7 6 5
0 29 6 1 2 0 4 5 7 6 3
0 28 6 1 2 0 4 5 7 3 6
0 29 6 1 0 3 4 5 2 7 6
0 26 6 1 2 0 3 5 7 6 4
0 24 6 1 2 3 4 0 7 6 5
0 34 6 1 2 0 4 6 5 7 3
0 30 6 1 2 6 4 5 7 0 3
0 31 4 1 2 6 4 5 7 3 0
0 35 6 1 2 4 0 6 5 7 3
0 36 4 1 2 4 3 6 5 7 0
0 31 6 1 2 6 4 5 0 7 3
0 32 6 1 2 6 0 5 7 3 4
0 37 6 1 2 4 3 6 5 0 7
0 39 6 1 2 0 3 6 5 7 4
0 35 6 1 2 6 3 5 7 0 4
0 40 6 1 2 7 3 6 5 0 4
0 36 6 1 2 6 3 5 7 4 0
0 36 6 1 2 6 3 5 0 7 4
0 41 6 1 2 7 3 6 5 4 0
0 30 6 1 2 4 0 5 7 6 3
0 31 4 1 2 4 3 5 7 6 0
0 27 6 1 2 6 3 5 7 0 4
0 32 6 1 2 4 3 5 7 0 6
0 29 6 1 2 4 0 5 7 3 6
0 30 5 1 2 4 6 5 7 3 0
0 33 6 1 2 4 3 5 0 7 6
0 35 6 1 2 7 4 6 5 0 3
0 36 4 1 2 7 4 6 5 3 0
0 30 6 1 3 0 4 5 2 7 6
0 35 6 1 2 3 6 0 5 7 4
0 34 6 1 2 3 6 4 5 0 7
0 30 6 1 2 3 6 0 5 7 4
0 30 6 1 2 3 0 5 7 4 6
0 33 6 1 2 0 3 6 5 7 4
0 35 6 1 2 3 6 0 5 7 4
0 33 6 1 2 0 4 6 5 3 7
0 33 6 1 2 3 4 6 0 5 7
0 34 5 1 2 3 4 0 6 5 7
0 36 4 1 2 3 4 7 6 5 0
0 37 5 1 2 3 0 4 6 5 7
0 40 4 1 2 3 5 4 6 0 7
0 41 2 1 2 3 5 4 6 7 0
0 42 4 1 2 3 0 4 6 7 5
0 43 4 1 2 3 5 0 6 7 4
0 46 2 1 2 3 0 5 6 7 4
0 47 0 1 2 3 4 5 6 7 0
