0 0 6 0 1 7 5 4 2 3
1 1 6 1 0 7 5 4 2 3
2 1 6 1 2 7 5 4 0 3
3 1 6 1 2 7 5 4 3 0
7 1 6 1 2 0 5 4 3 7
3 3 6 1 2 3 5 4 0 7
7 1 6 1 2 3 5 4 7 0
6 3 0 1 2 3 5 4 7 6
1 1 1 0 2 3 5 4 7 6
2 1 1 2 0 3 5 4 7 6
3 1 1 2 3 0 5 4 7 6
5 3 1 2 3 5 0 4 7 6
4 1 1 2 3 5 4 0 7 6
7 1 1 2 3 5 4 7 0 6
6 1 1 2 3 5 4 7 6 0
4 2 1 2 3 5 0 7 6 4
5 3 1 2 3 0 5 7 6 4
4 1 1 2 3 4 5 7 6 0
6 1 1 2 3 4 5 7 0 6
7 1 1 2 3 4 5 0 7 6
5 1 1 2 3 4 0 5 7 6
6 2 1 2 3 4 6 5 7 0
7 1 1 2 3 4 6 5 0 7
5 1 1 2 3 4 6 0 5 7
6 1 1 2 3 4 0 6 5 7
4 3 1 2 3 0 4 6 5 7
5 3 1 2 3 5 4 6 0 7
7 1 1 2 3 5 4 6 7 0
4 2 1 2 3 5 0 6 7 4
5 3 1 2 3 0 5 6 7 4
4 1 1 2 3 4 5 6 7 0
47 0.022836923599243164