0 0 0 6 0 1 7 5 4 2 3
0 1 6 6 1 0 7 5 4 2 3
0 1 6 0 6 1 7 5 4 2 3
0 4 5 3 6 1 7 5 4 2 0
0 2 6 6 1 2 7 5 4 0 3
0 3 5 6 1 2 7 5 4 3 0
0 2 6 5 6 1 7 0 4 2 3
0 4 5 5 6 1 7 3 4 2 0
0 5 6 6 1 2 7 0 4 3 5
0 6 6 6 1 0 7 5 4 3 2
0 6 6 0 1 2 7 5 4 3 6
0 7 5 1 0 2 7 5 4 3 6
0 8 5 1 2 0 7 5 4 3 6
0 9 4 1 2 3 7 5 4 0 6
0 10 3 1 2 3 7 5 4 6 0
0 10 4 1 2 3 7 5 0 4 6
0 11 4 1 2 3 0 5 4 6 7
0 12 4 1 2 3 7 0 4 6 5
0 15 3 1 0 3 7 2 4 6 5
0 16 2 1 3 0 7 2 4 6 5
0 17 3 1 3 6 7 2 4 0 5
0 18 2 1 3 6 7 2 4 5 0
0 17 3 1 3 7 0 2 4 6 5
0 18 2 1 3 7 5 2 4 6 0
0 21 3 1 3 0 7 2 4 5 6
0 22 2 1 3 5 7 2 4 0 6
0 23 0 1 3 5 7 2 4 6 0
