0 0 0 5 1 0 2 4 6 3 7
7 1 6 5 1 3 2 4 6 0 7
6 2 4 5 1 3 2 4 6 7 0
8 1 7 5 1 2 0 4 6 3 7
8 1 7 5 0 1 2 4 6 3 7
8 2 6 5 1 2 7 4 6 3 0
8 3 5 5 1 3 0 4 6 7 2
9 2 7 5 1 3 2 4 0 6 7
9 4 5 5 1 3 2 0 6 7 4
9 2 7 0 5 1 2 4 6 3 7
9 3 6 5 1 3 2 0 4 6 7
9 5 4 0 1 3 2 5 6 7 4
9 6 3 1 0 3 2 5 6 7 4
10 5 5 0 1 3 2 4 6 7 5
10 5 5 0 1 3 5 4 6 7 2
10 4 6 5 1 0 3 4 6 7 2
10 4 6 0 1 3 2 5 4 6 7
10 5 5 5 1 3 2 7 4 6 0
10 3 7 5 1 2 7 4 6 0 3
10 2 8 5 6 1 2 4 0 3 7
10 3 7 4 5 1 2 0 6 3 7
10 4 6 5 1 2 7 4 0 6 3
10 3 7 5 6 1 2 0 4 3 7
10 5 5 5 1 2 7 0 4 6 3
10 3 7 0 1 2 5 4 6 3 7
10 4 6 5 1 2 4 0 6 3 7
10 4 6 1 0 2 5 4 6 3 7
10 5 5 0 1 2 4 5 6 3 7
10 5 5 1 2 0 5 4 6 3 7
10 6 4 1 0 2 4 5 6 3 7
10 5 5 1 0 3 2 5 4 6 7
10 6 4 5 1 3 4 0 6 7 2
10 3 7 5 0 3 2 4 1 6 7
10 6 4 1 0 3 5 4 6 7 2
10 7 3 1 2 0 4 5 6 3 7
10 6 4 1 3 0 2 5 4 6 7
10 4 6 5 3 0 2 4 1 6 7
10 7 3 0 1 3 4 5 6 7 2
10 8 2 1 2 3 4 5 6 0 7
9 9 0 1 2 3 4 5 6 7 0
