0 0 0 5 1 0 2 4 6 3 7
0 1 7 5 1 3 2 4 6 0 7
0 2 5 5 1 3 2 4 6 7 0
0 1 7 5 1 2 0 4 6 3 7
0 3 7 5 1 3 0 4 6 7 2
0 2 7 5 1 2 7 4 6 3 0
0 6 7 5 1 3 4 0 6 7 2
0 8 4 5 1 3 4 2 6 7 0
0 9 6 5 1 3 0 2 6 7 4
0 9 6 5 1 3 4 2 6 0 7
0 12 7 5 1 3 2 0 6 7 4
0 4 7 5 1 3 2 0 6 7 4
0 13 7 0 1 3 2 5 6 7 4
0 15 4 2 1 3 0 5 6 7 4
0 16 2 2 1 3 4 5 6 7 0
0 17 4 2 1 3 4 5 6 0 7
0 16 5 4 1 3 2 5 6 7 0
0 14 6 1 0 3 2 5 6 7 4
0 16 6 2 1 0 3 5 6 7 4
0 18 6 2 1 3 4 5 0 6 7
0 15 6 1 6 3 2 5 0 7 4
0 15 6 1 3 0 2 5 6 7 4
0 16 4 1 3 2 0 5 6 7 4
0 17 2 1 3 2 4 5 6 7 0
0 18 4 1 3 2 4 5 6 0 7
0 17 6 2 1 7 3 5 6 0 4
0 19 6 1 3 2 5 0 6 7 4
0 21 4 1 3 2 5 4 6 7 0
0 19 6 1 3 2 4 0 6 7 5
0 20 6 1 3 0 4 5 6 7 2
0 22 6 1 3 2 0 4 6 7 5
0 22 6 1 3 2 5 4 6 0 7
0 19 6 1 3 0 4 5 6 2 7
0 19 6 1 3 2 4 5 0 6 7
0 18 6 2 1 7 3 5 6 4 0
0 21 6 1 0 3 4 5 6 7 2
0 19 6 1 3 2 7 5 6 0 4
0 16 6 1 6 3 2 5 7 0 4
0 16 6 1 3 7 2 5 6 0 4
0 18 6 2 1 3 7 5 6 0 4
0 19 6 2 1 0 4 5 6 7 3
0 18 6 2 1 0 4 5 6 3 7
0 19 6 2 1 3 7 5 6 4 0
0 20 6 2 1 7 4 5 6 0 3
0 21 4 2 1 7 4 5 6 3 0
0 20 6 2 1 4 0 5 6 7 3
0 21 4 2 1 4 3 5 6 7 0
0 19 6 2 1 4 0 5 6 3 7
0 20 6 2 1 3 0 5 6 4 7
0 20 6 2 1 4 7 5 6 3 0
0 22 6 2 1 4 3 5 6 0 7
0 22 6 2 1 7 0 5 6 3 4
0 22 6 2 1 4 3 5 6 0 7
0 20 6 1 3 2 7 5 6 4 0
0 17 6 1 6 3 2 5 7 4 0
0 21 6 1 3 2 0 5 6 4 7
0 17 6 1 3 7 2 5 6 4 0
0 18 6 2 1 3 4 0 6 7 5
0 22 6 1 6 3 4 5 0 7 2
0 21 6 2 1 3 0 4 6 7 5
0 22 4 2 1 3 5 4 6 7 0
0 23 6 1 6 3 4 5 7 0 2
0 24 4 1 6 3 4 5 7 2 0
0 24 6 2 1 3 5 0 6 7 4
0 23 6 2 1 3 5 4 6 0 7
0 18 6 2 1 3 5 0 6 7 4
0 20 6 1 3 4 0 5 6 2 7
0 20 6 1 0 3 4 5 6 2 7
0 21 6 1 3 4 0 5 6 7 2
0 22 4 1 3 4 2 5 6 7 0
0 22 6 1 3 2 0 4 6 7 5
0 21 6 1 3 7 4 5 6 0 2
0 22 4 1 3 7 4 5 6 2 0
0 21 6 1 3 4 7 5 6 2 0
0 23 6 1 3 4 2 5 6 0 7
0 23 6 1 3 4 2 5 6 0 7
0 23 6 1 3 7 0 5 6 2 4
0 21 6 1 6 3 4 5 0 2 7
0 22 4 1 6 3 4 5 2 0 7
0 23 2 1 6 3 4 5 2 7 0
0 24 4 1 6 3 0 5 2 7 4
0 25 6 1 6 3 0 5 7 2 4
0 23 6 1 6 0 4 5 2 3 7
0 25 6 1 6 3 4 0 2 7 5
0 26 6 1 6 0 4 5 2 7 3
0 25 6 1 6 0 3 5 2 7 4
0 27 6 1 6 3 5 0 2 7 4
0 29 4 1 6 3 5 4 2 7 0
0 24 6 1 6 4 0 5 2 3 7
0 28 6 1 6 3 0 4 2 7 5
0 27 6 1 6 7 4 5 2 0 3
0 28 4 1 6 7 4 5 2 3 0
0 30 6 1 6 3 0 4 2 7 5
0 30 6 1 6 3 5 4 2 0 7
0 27 6 1 6 4 3 5 2 0 7
0 28 4 1 6 4 3 5 2 7 0
0 25 6 1 6 4 7 5 2 3 0
0 29 6 1 6 4 0 5 2 7 3
0 29 6 1 6 7 0 5 2 3 4
0 27 6 1 6 4 0 5 2 7 3
0 32 6 1 6 7 3 5 2 0 4
0 26 6 1 6 7 3 5 2 0 4
0 33 6 1 6 7 3 5 2 4 0
0 27 6 1 6 7 3 5 2 4 0
0 27 6 1 6 3 7 5 2 0 4
0 28 6 1 6 3 7 5 2 4 0
0 29 6 1 6 3 0 5 2 4 7
0 23 7 1 6 3 4 0 5 7 2
0 25 4 1 6 3 4 2 5 7 0
0 26 6 1 6 3 0 2 5 7 4
0 26 6 1 6 3 4 2 5 0 7
0 7 7 0 1 3 4 5 6 7 2
0 26 7 1 6 3 0 4 5 7 2
0 27 5 1 6 3 2 4 5 7 0
0 29 7 1 6 3 2 0 5 7 4
0 9 7 4 1 3 0 5 6 7 2
0 28 7 1 6 3 2 4 5 0 7
0 29 7 1 6 3 2 0 5 7 4
0 21 7 2 0 3 4 1 6 7 5
0 22 6 0 2 3 4 1 6 7 5
0 25 2 5 2 3 4 1 6 7 0
0 23 4 1 2 3 4 0 6 7 5
0 25 0 1 2 3 4 5 6 7 0
