0 0 0 5 1 0 2 4 6 3 7
0 1 6 5 1 3 2 4 6 0 7
0 2 4 5 1 3 2 4 6 7 0
0 3 5 5 1 3 0 4 6 7 2
0 6 4 5 1 3 4 0 6 7 2
0 7 3 0 1 3 4 5 6 7 2
0 8 2 1 0 3 4 5 6 7 2
0 10 2 2 1 3 4 5 6 7 0
0 8 3 5 1 3 4 2 6 7 0
0 9 3 1 6 3 4 5 0 7 2
0 9 3 1 3 0 4 5 6 7 2
0 9 4 4 1 3 0 5 6 7 2
0 10 3 4 1 3 2 5 6 7 0
0 10 4 6 1 3 4 5 0 7 2
0 9 4 5 0 3 4 1 6 7 2
0 13 4 0 1 3 2 5 6 7 4
0 14 3 1 0 3 2 5 6 7 4
0 10 4 1 6 3 4 0 5 7 2
0 12 3 1 6 3 4 2 5 7 0
0 10 4 1 3 4 0 5 6 7 2
0 11 3 1 3 4 2 5 6 7 0
0 15 4 1 3 0 2 5 6 7 4
0 14 4 1 3 0 2 5 6 7 4
0 16 4 1 3 2 0 5 6 7 4
0 17 2 1 3 2 4 5 6 7 0
0 15 4 1 3 2 0 5 6 7 4
0 18 4 1 3 2 4 5 6 0 7
0 19 4 1 3 2 4 0 6 7 5
0 20 4 0 3 2 4 5 6 7 1
0 19 4 1 3 0 4 5 6 2 7
0 20 3 1 0 3 4 5 6 2 7
0 22 4 1 0 2 4 3 6 7 5
0 23 3 1 2 0 4 3 6 7 5
0 11 4 6 0 3 4 5 1 7 2
0 11 4 0 1 3 4 2 6 7 5
0 12 3 1 0 3 4 2 6 7 5
0 13 4 1 0 3 4 6 5 7 2
0 12 4 0 6 3 4 5 1 7 2
0 15 3 2 6 3 4 5 1 7 0
0 21 4 0 1 3 4 5 6 2 7
0 24 3 7 1 3 4 5 6 2 0
0 10 4 1 6 3 4 5 7 0 2
0 11 3 1 6 3 4 5 7 2 0
0 15 4 1 6 3 2 5 0 7 4
0 25 4 7 1 3 4 5 6 0 2
0 13 4 1 6 3 4 2 0 7 5
0 13 4 1 3 0 4 2 6 7 5
0 14 4 1 6 3 4 0 2 7 5
0 16 2 1 6 3 4 5 2 7 0
0 14 4 1 5 3 4 6 0 7 2
0 15 3 1 5 3 4 0 6 7 2
0 17 2 1 5 3 4 2 6 7 0
0 17 4 1 0 3 4 6 2 7 5
0 18 3 1 2 3 4 6 0 7 5
0 19 2 1 2 3 4 0 6 7 5
0 21 0 1 2 3 4 5 6 7 0
