0 0 0 2 6 4 3 5 7 1 0
10 1 9 2 6 4 3 5 7 0 1
11 1 10 2 6 4 0 5 7 1 3
11 2 9 2 6 4 3 5 0 7 1
12 2 10 2 6 0 4 5 7 1 3
11 3 8 2 6 1 4 5 7 0 3
10 4 6 2 6 1 4 5 7 3 0
12 4 8 2 6 1 4 5 0 7 3
12 3 9 2 0 4 3 5 6 7 1
12 4 8 0 2 4 3 5 6 7 1
9 7 2 1 2 4 3 5 6 7 0
12 8 4 1 2 4 0 5 6 7 3
12 8 4 1 2 4 3 5 6 0 7
13 4 9 2 4 0 3 5 6 7 1
12 5 7 2 4 3 0 5 6 7 1
11 6 5 2 4 3 1 5 6 7 0
13 5 8 2 0 1 4 5 6 7 3
12 6 6 2 1 0 4 5 6 7 3
13 9 4 1 2 0 4 5 6 7 3
13 3 10 2 6 4 3 0 5 7 1
11 5 6 2 6 4 3 1 5 7 0
13 6 7 0 2 1 4 5 6 7 3
13 7 6 2 1 4 0 5 6 7 3
12 8 4 2 1 4 3 5 6 7 0
13 5 8 2 6 1 0 5 7 3 4
13 9 4 3 2 1 4 5 6 7 0
13 4 9 2 6 4 1 5 7 0 3
12 5 7 2 6 4 1 5 7 3 0
13 6 7 3 2 4 0 5 6 7 1
12 7 5 3 2 4 1 5 6 7 0
13 2 11 2 6 0 3 5 7 4 1
12 3 9 2 6 3 0 5 7 4 1
11 4 7 2 6 3 1 5 7 4 0
12 5 7 2 6 3 1 5 7 0 4
13 3 10 2 6 0 3 5 7 1 4
12 4 8 2 6 1 3 5 7 0 4
12 4 8 2 6 3 0 5 7 1 4
11 5 6 2 6 3 4 5 7 1 0
13 6 7 2 6 3 1 5 0 7 4
13 7 6 2 1 7 4 5 6 0 3
12 8 4 2 1 7 4 5 6 3 0
13 6 7 2 6 3 4 5 7 0 1
13 5 8 2 6 1 3 5 7 4 0
13 5 8 2 6 1 3 5 0 7 4
13 6 7 2 6 3 4 5 7 0 1
13 5 8 5 2 4 3 0 6 7 1
11 7 4 5 2 4 3 1 6 7 0
14 5 9 2 6 4 1 5 0 7 3
14 2 12 2 6 4 3 0 7 1 5
14 7 7 2 4 3 1 5 6 0 7
14 5 9 2 4 7 3 5 6 0 1
14 7 7 3 2 0 4 5 6 7 1
14 6 8 2 4 7 3 5 6 1 0
14 7 7 5 2 1 4 0 6 7 3
14 6 8 2 0 1 3 5 6 7 4
13 7 6 2 1 0 3 5 6 7 4
12 8 4 2 1 3 0 5 6 7 4
11 9 2 2 1 3 4 5 6 7 0
14 9 5 5 2 1 4 3 6 7 0
14 7 7 0 2 1 3 5 6 7 4
14 8 6 2 1 7 3 5 6 0 4
14 10 4 2 1 3 4 5 6 0 7
14 7 7 2 6 3 4 5 0 7 1
14 8 6 5 2 4 0 1 6 7 3
14 8 6 5 2 4 3 1 6 0 7
14 10 4 1 2 0 3 5 6 7 4
13 11 2 1 2 3 0 5 6 7 4
12 12 0 1 2 3 4 5 6 7 0
