0 0 0 2 6 4 3 5 7 1 0
8 1 7 2 6 4 0 5 7 1 3
8 1 7 2 6 4 3 5 7 0 1
8 2 6 2 6 0 4 5 7 1 3
8 2 6 2 6 4 3 5 0 7 1
8 3 5 2 0 4 3 5 6 7 1
8 4 4 0 2 4 3 5 6 7 1
9 2 7 2 6 0 3 5 7 4 1
9 7 2 1 2 4 3 5 6 7 0
9 3 6 2 6 3 0 5 7 4 1
9 3 6 2 0 6 4 5 7 1 3
9 4 5 2 4 0 3 5 6 7 1
9 3 6 2 6 1 4 5 7 0 3
9 5 4 2 4 3 0 5 6 7 1
9 4 5 2 6 1 4 5 7 3 0
9 4 5 2 6 1 4 5 0 7 3
9 6 3 2 4 3 1 5 6 7 0
9 5 4 2 0 1 4 5 6 7 3
9 4 5 0 2 6 4 5 7 1 3
9 4 5 2 6 3 1 5 7 4 0
9 6 3 0 2 1 4 5 6 7 3
10 5 5 5 2 4 3 0 6 7 1
10 2 8 2 6 4 3 0 7 1 5
10 6 4 3 2 4 0 5 6 7 1
10 3 7 2 0 6 3 5 7 4 1
10 3 7 0 6 4 2 5 7 1 3
10 3 7 0 6 4 3 2 7 1 5
10 7 3 3 2 0 4 5 6 7 1
10 4 6 0 2 6 3 5 7 4 1
10 7 3 3 2 4 1 5 6 7 0
10 3 7 2 6 4 3 0 5 7 1
10 4 6 2 7 6 4 5 0 1 3
10 3 7 2 6 0 3 5 7 1 4
10 3 7 0 6 4 3 5 7 1 2
10 6 4 2 1 0 4 5 6 7 3
10 4 6 2 6 3 0 5 7 1 4
9 5 4 2 6 3 4 5 7 1 0
11 4 7 6 0 4 2 5 7 1 3
11 4 7 6 0 4 3 2 7 1 5
11 7 4 0 4 3 2 5 6 7 1
11 4 7 2 7 6 3 5 0 4 1
11 9 2 3 2 1 4 5 6 7 0
11 3 8 2 6 4 3 7 0 1 5
11 5 6 2 6 1 4 0 5 7 3
11 7 4 5 2 4 3 1 6 7 0
11 6 5 2 6 3 4 5 7 0 1
11 4 7 2 0 4 3 7 6 1 5
11 7 4 2 6 3 4 5 0 7 1
11 5 6 0 2 4 3 7 6 1 5
11 8 3 2 0 3 4 5 6 7 1
11 4 7 2 6 4 1 5 7 0 3
11 6 5 2 6 3 4 5 7 0 1
11 5 6 2 6 4 1 5 7 3 0
11 5 6 2 6 4 1 5 0 7 3
11 5 6 0 6 3 2 5 7 4 1
11 6 5 2 0 4 1 5 6 7 3
11 7 4 0 2 4 1 5 6 7 3
11 5 6 2 4 7 3 5 6 0 1
11 7 4 5 2 1 4 0 6 7 3
11 6 5 2 4 7 3 5 6 1 0
11 9 2 0 2 3 4 5 6 7 1
11 5 6 2 6 3 1 5 7 0 4
11 4 7 2 6 1 3 5 7 0 4
11 6 5 2 6 3 1 5 0 7 4
11 5 6 2 6 1 3 5 7 4 0
11 5 6 2 6 1 3 5 0 7 4
11 7 4 2 0 3 1 5 6 7 4
11 4 7 6 0 4 3 5 7 1 2
11 7 4 3 2 6 4 5 7 1 0
11 4 7 2 0 6 3 5 7 1 4
11 5 6 5 2 6 4 0 7 1 3
11 4 7 0 6 4 3 2 5 7 1
11 5 6 2 6 4 3 1 5 7 0
11 5 6 2 7 6 4 5 1 0 3
11 8 3 1 2 4 0 5 6 7 3
11 5 6 0 2 6 3 5 7 1 4
11 6 5 2 0 1 3 5 6 7 4
11 8 3 0 2 3 1 5 6 7 4
11 9 2 1 2 0 4 5 6 7 3
11 6 5 2 7 6 4 5 1 3 0
11 7 4 0 2 1 3 5 6 7 4
11 7 4 1 2 6 3 5 7 4 0
12 12 0 1 2 3 4 5 6 7 0
