0 0 0 2 6 4 3 5 7 1 0
0 1 7 2 6 4 0 5 7 1 3
0 2 6 2 6 0 4 5 7 1 3
0 3 6 2 6 1 4 5 7 0 3
0 4 5 2 6 1 4 5 7 3 0
0 4 5 2 6 1 4 5 0 7 3
0 5 4 2 0 1 4 5 6 7 3
0 6 3 0 2 1 4 5 6 7 3
0 9 2 3 2 1 4 5 6 7 0
0 12 3 3 2 0 4 5 6 7 1
0 7 4 5 2 1 4 0 6 7 3
0 9 3 5 2 1 4 3 6 7 0
0 6 4 2 1 0 4 5 6 7 3
0 12 4 0 2 1 4 3 6 7 5
0 12 4 5 2 0 4 3 6 7 1
0 13 4 3 2 1 4 0 6 7 5
0 11 4 3 2 1 4 0 6 7 5
0 13 4 3 2 4 0 5 6 7 1
0 14 3 3 2 4 1 5 6 7 0
0 13 4 3 0 2 4 5 6 7 1
0 15 4 0 2 4 3 5 6 7 1
0 18 2 1 2 4 3 5 6 7 0
0 19 3 1 2 4 0 5 6 7 3
0 20 2 1 2 0 4 5 6 7 3
0 21 3 1 2 0 3 5 6 7 4
0 22 2 1 2 3 0 5 6 7 4
0 23 0 1 2 3 4 5 6 7 0
