0 0 0 3 6 4 5 2 1 7 0
11 1 10 3 6 4 5 2 1 0 7
12 1 11 3 6 4 0 2 1 7 5
12 2 10 3 6 0 5 2 1 4 7
11 3 8 3 6 5 0 2 1 4 7
10 4 6 3 6 5 7 2 1 4 0
13 2 11 3 6 0 4 2 1 7 5
13 5 8 3 6 5 7 2 1 0 4
13 3 10 3 0 6 5 2 1 4 7
12 4 8 3 1 6 5 2 0 4 7
11 5 6 3 1 6 5 2 4 0 7
12 6 6 3 1 0 5 2 4 6 7
11 7 4 3 1 5 0 2 4 6 7
10 8 2 3 1 5 7 2 4 6 0
12 6 6 3 1 6 5 2 4 7 0
13 9 4 3 1 5 7 2 4 0 6
13 4 9 0 3 6 5 2 1 4 7
13 7 6 1 3 6 5 2 0 4 7
12 8 4 1 3 6 5 2 4 0 7
13 9 4 1 3 0 5 2 4 6 7
12 10 2 1 3 5 0 2 4 6 7
11 11 0 1 3 5 7 2 4 6 0
