0 0 0 3 6 4 5 2 1 7 0
0 1 10 3 6 4 5 2 1 0 7
0 2 10 3 6 0 5 2 1 4 7
0 3 8 3 6 5 0 2 1 4 7
0 4 6 3 6 5 7 2 1 4 0
0 5 8 3 6 5 7 2 1 0 4
0 6 9 3 6 5 4 2 1 0 7
0 7 9 3 6 5 4 2 1 7 0
0 3 10 3 0 6 5 2 1 4 7
0 4 8 3 1 6 5 2 0 4 7
0 5 6 3 1 6 5 2 4 0 7
0 6 6 3 1 0 5 2 4 6 7
0 7 4 3 1 5 0 2 4 6 7
0 8 2 3 1 5 7 2 4 6 0
0 9 4 3 1 5 7 2 4 0 6
0 10 6 3 1 5 2 0 4 6 7
0 12 4 3 1 5 2 7 4 6 0
0 10 6 3 1 0 7 2 4 5 6
0 10 6 3 1 5 7 2 0 4 6
0 10 6 3 1 5 6 2 4 0 7
0 10 6 3 1 5 7 0 4 6 2
0 11 6 3 1 0 7 2 4 6 5
0 6 6 3 1 6 5 2 4 7 0
0 13 6 3 1 5 0 7 4 6 2
0 12 6 3 1 6 7 2 4 0 5
0 13 4 3 1 6 7 2 4 5 0
0 12 6 3 1 7 0 2 4 6 5
0 13 4 3 1 7 5 2 4 6 0
0 14 6 3 1 6 0 2 4 5 7
0 14 6 3 1 7 5 2 4 0 6
0 11 6 3 1 7 0 2 4 5 6
0 11 6 3 1 5 6 2 4 7 0
0 12 6 3 1 7 6 2 4 5 0
0 12 6 3 1 5 0 2 4 7 6
0 13 6 3 1 5 0 7 4 6 2
0 13 6 3 1 5 2 7 4 0 6
0 11 7 0 1 5 7 2 4 6 3
0 12 6 1 0 5 7 2 4 6 3
0 13 6 1 4 5 7 2 0 6 3
0 13 6 1 5 0 7 2 4 6 3
0 14 6 1 4 5 7 2 6 0 3
0 15 4 1 4 5 7 2 6 3 0
0 14 6 1 5 6 7 2 4 0 3
0 15 4 1 5 6 7 2 4 3 0
0 14 6 1 5 7 0 2 4 6 3
0 15 4 1 5 7 3 2 4 6 0
0 16 6 1 4 5 0 2 6 3 7
0 16 6 1 5 6 0 2 4 3 7
0 19 6 1 4 5 3 2 6 0 7
0 19 6 1 5 6 3 2 4 0 7
0 20 6 1 4 5 3 2 6 7 0
0 20 6 1 4 5 3 2 0 6 7
0 20 6 1 5 0 3 2 4 6 7
0 21 4 1 5 3 0 2 4 6 7
0 22 2 1 5 3 7 2 4 6 0
0 23 4 1 5 3 7 2 4 0 6
0 20 6 1 5 6 3 2 4 7 0
0 24 6 1 5 3 6 2 4 0 7
0 24 6 1 5 3 7 0 4 6 2
0 24 6 1 5 0 7 2 4 3 6
0 24 6 1 5 3 7 2 0 4 6
0 25 6 1 5 3 6 2 4 7 0
0 27 6 1 5 3 0 7 4 6 2
0 28 4 1 5 3 2 7 4 6 0
0 25 6 1 0 5 7 2 4 3 6
0 26 6 1 5 3 0 2 4 7 6
0 21 6 1 0 5 3 2 4 6 7
0 21 6 1 0 5 3 2 4 6 7
0 24 6 1 5 3 2 0 4 6 7
0 25 6 1 5 7 0 2 4 3 6
0 16 6 1 5 7 3 2 4 0 6
0 18 6 1 5 0 3 2 4 6 7
0 18 6 1 5 0 7 2 4 3 6
0 29 6 1 5 3 2 7 4 0 6
0 26 6 1 5 7 6 2 4 3 0
0 28 6 1 5 7 3 2 4 0 6
0 30 6 1 5 3 2 0 4 6 7
0 26 6 1 4 5 7 2 0 3 6
0 27 4 1 4 5 7 2 3 0 6
0 28 2 1 4 5 7 2 3 6 0
0 29 4 1 4 5 0 2 3 6 7
0 28 6 1 4 0 7 2 3 5 6
0 30 6 1 4 5 7 0 3 6 2
0 31 6 1 4 0 7 2 3 6 5
0 30 6 1 4 0 5 2 3 6 7
0 33 6 1 4 5 0 7 3 6 2
0 34 4 1 4 5 2 7 3 6 0
0 32 6 1 4 6 7 2 3 0 5
0 33 4 1 4 6 7 2 3 5 0
0 32 6 1 4 7 0 2 3 6 5
0 33 4 1 4 7 5 2 3 6 0
0 31 6 1 4 6 5 2 3 0 7
0 35 6 1 4 5 2 7 3 0 6
0 36 6 1 4 5 2 0 3 6 7
0 34 6 1 4 6 0 2 3 5 7
0 32 6 1 4 6 5 2 3 7 0
0 34 6 1 4 7 5 2 3 0 6
0 32 6 1 4 5 2 0 3 6 7
0 32 6 1 4 5 6 2 3 0 7
0 29 6 1 4 7 0 2 3 5 6
0 33 6 1 4 5 6 2 3 7 0
0 30 6 1 4 7 6 2 3 5 0
0 34 6 1 4 5 0 2 3 7 6
0 21 7 1 4 5 3 0 2 6 7
0 23 5 1 4 5 3 7 2 6 0
0 24 6 1 4 5 0 3 2 6 7
0 25 4 1 4 5 7 3 2 6 0
0 26 6 1 4 5 7 3 2 0 6
0 26 7 0 1 5 7 2 4 3 6
0 29 6 6 1 5 7 2 4 3 0
0 24 7 1 4 5 0 7 2 6 3
0 24 7 1 4 5 3 7 2 0 6
0 27 7 1 4 5 7 0 2 6 3
0 27 7 2 1 5 7 0 4 3 6
0 29 6 2 1 5 7 6 4 3 0
0 28 7 7 1 5 0 2 4 3 6
0 27 7 1 4 5 7 0 2 6 3
0 30 7 2 1 5 0 7 4 3 6
0 29 7 7 1 5 6 2 4 3 0
0 31 7 7 1 5 3 2 4 0 6
0 32 5 7 1 5 3 2 4 6 0
0 31 7 2 1 5 6 7 4 3 0
0 33 7 2 1 5 3 7 4 0 6
0 34 5 2 1 5 3 7 4 6 0
0 33 7 7 1 5 0 2 4 6 3
0 35 7 0 1 5 3 2 4 6 7
0 35 7 2 1 5 0 7 4 6 3
0 36 7 2 1 5 3 0 4 6 7
0 39 6 2 1 5 0 3 4 6 7
0 40 4 2 1 5 7 3 4 6 0
0 41 6 2 1 5 7 3 4 0 6
0 37 7 1 4 5 2 3 0 6 7
0 35 7 1 0 5 2 4 3 6 7
0 36 5 1 3 5 2 4 0 6 7
0 37 4 1 3 5 2 0 4 6 7
0 39 2 1 3 5 2 7 4 6 0
0 40 2 1 3 5 0 2 4 6 7
0 41 0 1 3 5 7 2 4 6 0
