0 0 0 3 6 4 5 2 1 7 0
0 1 7 3 6 4 0 2 1 7 5
0 2 6 3 6 0 4 2 1 7 5
0 4 6 3 6 4 7 2 1 0 5
0 5 5 3 6 4 7 2 1 5 0
0 3 6 3 0 6 4 2 1 7 5
0 8 6 0 6 4 7 2 1 5 3
0 11 5 1 6 4 7 2 0 5 3
0 12 5 1 0 4 7 2 6 5 3
0 12 5 1 6 4 7 2 5 0 3
0 13 4 1 6 4 7 2 5 3 0
0 13 5 1 4 0 7 2 6 5 3
0 14 4 1 4 5 7 2 6 0 3
0 15 3 1 4 5 7 2 6 3 0
0 15 3 1 4 5 7 2 0 6 3
0 16 2 1 0 5 7 2 4 6 3
0 17 3 1 5 0 7 2 4 6 3
0 17 3 0 1 5 7 2 4 6 3
0 20 2 3 1 5 7 2 4 6 0
0 16 4 1 4 5 7 0 2 6 3
0 18 3 1 4 5 7 3 2 6 0
0 18 4 1 5 6 7 2 4 0 3
0 19 3 1 5 6 7 2 4 3 0
0 18 4 1 5 7 0 2 4 6 3
0 19 3 1 5 7 3 2 4 6 0
0 22 4 1 5 0 7 2 4 3 6
0 23 3 1 0 5 7 2 4 3 6
0 22 4 1 5 0 3 2 4 6 7
0 23 3 1 0 5 3 2 4 6 7
0 23 4 1 5 3 7 2 4 0 6
0 24 2 1 5 3 7 2 4 6 0
0 24 4 1 4 5 7 2 0 3 6
0 24 4 0 1 5 7 2 4 3 6
0 27 3 6 1 5 7 2 4 3 0
0 24 4 0 1 5 3 2 4 6 7
0 27 3 7 1 5 3 2 4 6 0
0 26 4 1 5 3 7 0 4 6 2
0 23 4 1 5 3 0 2 4 6 7
0 25 4 1 5 3 0 2 4 6 7
0 24 4 1 4 5 3 2 0 6 7
0 19 4 1 0 5 7 4 2 6 3
0 23 4 3 1 0 7 2 4 6 5
0 29 4 1 0 3 7 5 4 6 2
0 30 3 1 3 0 7 5 4 6 2
0 20 4 1 2 5 7 4 0 6 3
0 21 3 1 2 5 7 0 4 6 3
0 23 2 1 2 5 7 3 4 6 0
0 24 4 3 0 1 7 2 4 6 5
0 25 3 0 3 1 7 2 4 6 5
0 28 2 5 3 1 7 2 4 6 0
0 31 3 5 3 0 7 2 4 6 1
0 24 4 1 2 5 7 3 4 0 6
0 26 4 0 2 5 7 3 4 6 1
0 26 4 1 2 0 7 3 4 6 5
0 30 4 5 3 1 7 0 4 6 2
0 32 4 5 3 6 7 2 4 0 1
0 33 3 5 3 6 7 2 4 1 0
0 27 4 1 0 2 7 3 4 6 5
0 31 4 0 3 1 7 5 4 6 2
0 34 3 2 3 1 7 5 4 6 0
0 36 4 0 3 6 7 2 4 1 5
0 36 4 5 3 0 7 2 4 1 6
0 36 4 2 3 1 7 0 4 6 5
0 37 4 2 3 0 7 5 4 6 1
0 32 4 5 3 7 0 2 4 6 1
0 33 3 5 3 7 1 2 4 6 0
0 27 4 2 0 5 7 3 4 6 1
0 32 4 5 0 3 7 2 4 6 1
0 26 4 2 3 1 7 0 4 6 5
0 27 4 7 3 1 0 2 4 6 5
0 28 3 7 3 1 5 2 4 6 0
0 29 4 5 3 1 7 2 4 0 6
0 28 4 4 3 1 7 2 0 6 5
0 29 4 5 3 1 0 2 4 6 7
0 31 4 1 3 7 0 5 4 6 2
0 32 3 1 3 7 2 5 4 6 0
0 22 4 0 2 5 7 1 4 6 3
0 25 3 3 2 5 7 1 4 6 0
0 24 4 1 2 5 0 3 4 6 7
0 34 4 1 3 7 2 0 4 6 5
0 37 3 1 3 7 0 2 4 6 5
0 38 2 1 3 7 5 2 4 6 0
0 38 2 1 3 0 7 2 4 6 5
0 41 3 1 3 0 5 2 4 6 7
0 42 2 1 3 5 0 2 4 6 7
0 43 0 1 3 5 7 2 4 6 0
