0 0 0 4 2 0 3 7 1 5 6
12 1 11 4 2 5 3 7 1 0 6
11 2 9 4 2 5 3 7 1 6 0
12 1 11 4 2 3 0 7 1 5 6
12 2 10 4 2 3 6 7 1 5 0
14 3 11 4 2 5 0 7 1 6 3
14 3 11 0 2 3 4 7 1 5 6
14 4 10 4 2 3 5 7 1 0 6
13 5 8 4 2 3 5 7 1 6 0
14 3 11 4 2 3 6 7 1 0 5
14 6 8 1 2 3 4 7 0 5 6
13 7 6 1 2 3 4 7 5 0 6
12 8 4 1 2 3 4 7 5 6 0
14 6 8 6 2 3 4 7 1 5 0
14 7 7 1 2 3 4 0 7 5 6
13 9 4 1 2 3 4 6 7 5 0
15 10 5 1 2 3 4 0 5 6 7
15 2 13 4 2 5 3 7 0 1 6
15 9 6 1 2 3 0 7 5 6 4
15 11 4 1 2 3 4 5 0 6 7
14 12 2 1 2 3 4 5 6 0 7
13 13 0 1 2 3 4 5 6 7 0
