0 0 0 5 2 6 7 0 3 1 4
12 2 10 5 2 6 7 4 3 1 0
14 1 13 0 2 6 7 5 3 1 4
14 3 11 5 2 6 7 4 3 0 1
14 1 13 5 2 6 7 3 0 1 4
13 2 11 5 2 6 7 3 1 0 4
13 3 10 5 2 6 7 3 1 4 0
14 3 11 5 2 6 0 4 3 1 7
14 3 11 5 2 0 7 3 1 6 4
13 4 9 5 2 7 0 3 1 6 4
12 5 7 5 2 7 4 3 1 6 0
15 3 12 5 2 6 0 7 3 1 4
14 4 10 5 2 6 4 7 3 1 0
15 6 9 5 2 7 4 3 1 0 6
15 4 11 5 2 6 0 3 1 4 7
15 4 11 4 2 6 7 5 3 1 0
15 4 11 5 2 0 7 4 3 6 1
15 3 12 5 0 6 7 2 3 1 4
14 4 10 5 3 6 7 2 0 1 4
13 5 8 5 3 6 7 2 1 0 4
12 6 6 5 3 6 7 2 1 4 0
14 6 8 5 3 0 7 2 1 6 4
15 3 12 7 2 6 0 5 3 1 4
14 4 10 7 2 6 4 5 3 1 0
15 7 8 5 3 7 0 2 1 6 4
15 5 10 5 2 7 0 4 3 6 1
14 6 8 5 2 7 1 4 3 6 0
15 8 7 5 3 7 4 2 1 6 0
15 4 11 0 5 6 7 2 3 1 4
15 7 8 5 3 6 0 2 1 4 7
15 2 13 2 0 6 7 5 3 1 4
14 3 11 2 3 6 7 5 0 1 4
13 4 9 2 3 6 7 5 1 0 4
12 5 7 2 3 6 7 5 1 4 0
14 5 9 2 3 0 7 5 1 6 4
14 6 8 2 3 7 0 5 1 6 4
13 7 6 2 3 7 4 5 1 6 0
15 7 8 4 5 6 7 2 3 1 0
15 3 12 2 6 0 7 5 3 1 4
14 4 10 2 6 1 7 5 3 0 4
14 4 10 2 6 7 0 5 3 1 4
13 5 8 2 6 7 4 5 3 1 0
14 5 9 2 6 1 7 5 3 4 0
15 4 11 2 3 6 7 0 5 1 4
14 6 8 2 3 6 7 4 5 1 0
15 6 9 2 3 6 0 5 1 4 7
15 5 10 2 6 1 7 5 0 3 4
15 6 9 2 6 7 4 5 3 0 1
16 5 11 5 2 6 4 7 3 0 1
16 5 11 7 2 6 4 5 3 0 1
16 7 9 2 3 6 7 4 5 0 1
16 6 10 2 0 1 7 5 6 3 4
15 7 8 2 1 0 7 5 6 3 4
14 8 6 2 1 3 7 5 6 0 4
14 8 6 2 1 7 0 5 6 3 4
13 9 4 2 1 7 4 5 6 3 0
15 9 6 2 1 3 7 5 6 4 0
16 7 9 2 6 0 4 5 3 7 1
16 7 9 2 6 7 4 5 0 3 1
16 10 6 2 1 7 4 5 6 0 3
16 10 6 2 1 3 0 5 6 4 7
16 7 9 0 2 1 7 5 6 3 4
16 2 14 5 0 6 7 3 2 1 4
16 6 10 5 2 6 1 4 3 0 7
15 7 8 5 2 6 1 4 3 7 0
16 4 12 5 2 6 7 4 0 3 1
16 7 9 5 2 7 4 0 1 6 3
16 5 11 0 3 6 7 2 5 1 4
16 6 10 2 6 1 0 5 3 4 7
16 4 12 3 2 6 7 5 0 1 4
15 5 10 3 2 6 7 5 1 0 4
15 6 9 3 2 6 7 5 1 4 0
16 4 12 5 6 0 7 2 3 1 4
15 5 10 5 6 1 7 2 3 0 4
14 6 8 5 6 1 7 2 3 4 0
16 6 10 2 0 3 7 5 1 6 4
15 7 8 2 1 3 7 5 0 6 4
16 5 11 5 3 6 7 0 2 1 4
15 7 8 5 3 6 7 4 2 1 0
16 7 9 0 2 3 7 5 1 6 4
16 8 8 2 3 7 4 5 1 0 6
16 7 9 5 2 7 3 0 1 6 4
16 10 6 1 2 3 7 5 0 6 4
15 11 4 1 2 3 7 5 6 0 4
16 7 9 2 6 7 1 5 3 0 4
16 8 8 5 2 7 3 1 0 6 4
15 9 6 5 2 7 3 1 6 0 4
16 9 7 5 2 7 3 4 1 6 0
16 12 4 1 2 3 7 5 6 4 0
16 10 6 5 2 0 3 1 6 7 4
15 11 4 5 2 3 0 1 6 7 4
14 12 2 5 2 3 4 1 6 7 0
16 10 6 5 2 7 3 1 6 4 0
16 6 10 3 2 0 7 5 1 6 4
15 7 8 3 2 7 0 5 1 6 4
14 8 6 3 2 7 4 5 1 6 0
16 7 9 2 3 6 7 0 1 4 5
16 4 12 5 2 0 6 4 3 1 7
15 5 10 5 2 1 6 4 3 0 7
14 6 8 5 2 1 6 4 3 7 0
16 8 8 2 3 6 7 1 0 4 5
15 9 6 2 3 6 7 1 4 0 5
14 10 4 2 3 6 7 1 4 5 0
16 6 10 5 2 1 6 4 0 3 7
16 7 9 5 2 1 0 4 3 7 6
16 8 8 4 3 6 7 2 5 1 0
16 8 8 5 2 7 4 1 0 6 3
15 9 6 5 2 7 4 1 6 0 3
14 10 4 5 2 7 4 1 6 3 0
16 10 6 5 2 0 4 1 6 7 3
16 3 13 0 5 6 7 3 2 1 4
15 4 11 3 5 6 7 0 2 1 4
14 6 8 3 5 6 7 4 2 1 0
15 5 10 3 5 6 7 2 0 1 4
14 6 8 3 5 6 7 2 1 0 4
13 7 6 3 5 6 7 2 1 4 0
15 7 8 3 5 0 7 2 1 6 4
16 6 10 4 5 6 7 3 2 1 0
16 3 13 5 6 0 7 3 2 1 4
15 4 11 5 6 1 7 3 2 0 4
15 4 11 5 6 7 0 3 2 1 4
14 5 9 5 6 7 4 3 2 1 0
15 5 10 5 6 1 7 3 2 4 0
16 7 9 3 5 6 7 4 2 0 1
16 8 8 3 5 6 0 2 1 4 7
16 8 8 3 5 7 0 2 1 6 4
16 6 10 5 6 7 4 3 2 0 1
16 8 8 3 0 5 7 2 1 6 4
15 9 6 3 1 5 7 2 0 6 4
16 5 11 4 2 6 0 5 3 1 7
16 7 9 5 2 6 4 3 1 0 7
15 8 7 5 2 6 4 3 1 7 0
16 10 6 2 3 0 7 1 4 6 5
16 7 9 5 2 0 4 3 1 7 6
16 5 11 2 5 6 7 0 3 1 4
15 7 8 2 5 6 7 4 3 1 0
16 9 7 3 5 7 4 2 1 6 0
16 9 7 0 3 5 7 2 1 6 4
16 10 6 3 1 5 7 2 6 0 4
15 11 4 3 1 5 7 2 6 4 0
16 12 4 1 3 5 7 2 0 6 4
16 12 4 4 3 5 7 2 1 6 0
17 6 11 5 6 1 0 3 2 4 7
17 8 9 3 5 0 7 4 2 6 1
17 7 10 5 6 7 1 3 2 0 4
17 6 11 5 2 6 4 7 0 3 1
17 6 11 5 2 6 4 0 3 1 7
17 8 9 2 3 6 7 4 0 5 1
17 11 6 5 2 4 0 1 6 7 3
16 12 4 5 2 4 3 1 6 7 0
17 8 9 2 3 0 7 4 5 6 1
17 11 6 2 1 7 3 5 6 0 4
17 6 11 2 6 1 7 0 5 3 4
17 7 10 3 5 6 0 4 2 1 7
17 7 10 5 2 7 1 4 3 0 6
17 7 10 5 2 6 4 0 7 3 1
15 9 6 5 2 6 4 1 7 3 0
17 4 13 5 2 0 6 7 3 1 4
16 5 11 5 2 1 6 7 3 0 4
17 4 13 5 0 2 7 3 1 6 4
16 5 11 5 1 2 7 3 0 6 4
15 6 9 5 1 2 7 3 6 0 4
16 6 10 5 1 2 7 0 3 6 4
15 8 7 5 1 2 7 4 3 6 0
16 7 9 5 1 2 7 3 6 4 0
17 8 9 2 6 4 0 5 3 7 1
16 9 7 2 6 4 1 5 3 7 0
17 6 11 5 2 0 4 7 3 6 1
17 6 11 7 2 6 4 5 0 3 1
17 8 9 0 3 6 7 2 1 4 5
17 8 9 5 2 0 4 3 1 6 7
17 5 12 0 5 2 7 3 1 6 4
16 6 10 3 5 2 7 0 1 6 4
15 8 7 3 5 2 7 4 1 6 0
16 7 9 3 5 2 7 1 0 6 4
17 7 10 5 2 6 1 4 0 3 7
17 4 13 7 2 0 6 5 3 1 4
16 5 11 7 2 1 6 5 3 0 4
17 9 8 3 2 7 4 5 1 0 6
17 9 8 2 3 6 4 5 1 0 7
16 10 6 2 3 6 4 5 1 7 0
17 6 11 5 2 6 1 7 3 0 4
17 7 10 2 3 6 0 4 5 1 7
17 8 9 3 5 2 7 1 6 0 4
16 9 7 3 5 2 7 1 6 4 0
17 6 11 7 2 1 6 5 0 3 4
17 6 11 7 2 1 6 5 3 4 0
17 7 10 5 2 6 1 7 3 4 0
17 7 10 5 0 3 7 2 1 6 4
16 8 8 5 1 3 7 2 0 6 4
17 8 9 2 0 7 4 5 6 3 1
17 13 4 1 2 3 0 5 6 4 7
17 9 8 0 2 7 4 5 6 3 1
14 12 2 1 2 7 4 5 6 3 0
17 10 7 4 2 1 7 5 6 3 0
17 8 9 2 6 0 1 5 3 7 4
17 13 4 1 2 7 0 5 6 3 4
17 13 4 1 2 7 4 5 6 0 3
17 9 8 2 6 1 0 5 3 7 4
16 10 6 2 6 1 4 5 3 7 0
17 11 6 1 3 6 7 2 0 4 5
16 12 4 1 3 6 7 2 4 0 5
15 13 2 1 3 6 7 2 4 5 0
17 8 9 4 5 2 7 3 1 6 0
17 13 4 1 3 0 7 2 4 6 5
17 8 9 1 5 2 7 3 0 6 4
17 9 8 5 1 3 7 2 6 0 4
16 10 6 5 1 3 7 2 6 4 0
17 9 8 1 5 2 7 0 3 6 4
16 11 5 1 5 2 7 4 3 6 0
17 8 9 0 5 3 7 2 1 6 4
17 10 7 4 2 3 7 5 1 6 0
17 11 6 1 5 3 7 2 0 6 4
17 11 6 4 5 3 7 2 1 6 0
17 5 12 5 2 0 7 4 3 1 6
16 6 10 5 2 1 7 4 3 0 6
15 7 8 5 2 1 7 4 3 6 0
17 9 8 2 3 0 4 5 1 7 6
17 6 11 5 2 7 0 4 3 1 6
17 8 9 5 2 1 0 4 3 6 7
17 7 10 5 2 7 6 4 3 1 0
17 8 9 5 2 3 7 0 1 6 4
17 8 9 5 1 2 0 3 6 4 7
17 9 8 5 2 3 7 1 0 6 4
16 10 6 5 2 3 7 1 6 0 4
17 10 7 5 2 3 7 4 1 6 0
17 11 6 5 2 3 7 1 6 4 0
17 8 9 5 3 6 7 4 2 0 1
17 9 8 5 3 0 7 2 1 4 6
17 11 6 5 2 7 0 1 6 3 4
17 11 6 2 3 6 0 1 4 5 7
17 9 8 7 2 3 0 5 1 6 4
16 10 6 7 2 3 4 5 1 6 0
17 6 11 7 2 6 1 5 3 0 4
17 8 9 4 5 6 7 2 3 0 1
17 6 11 5 2 1 6 7 0 3 4
17 8 9 0 2 7 3 5 1 6 4
17 7 10 5 2 1 6 0 7 3 4
17 11 6 1 2 7 3 5 0 6 4
16 12 4 1 2 7 3 5 6 0 4
17 9 8 5 2 1 6 4 7 3 0
17 13 4 1 2 0 3 5 6 7 4
16 14 2 1 2 3 0 5 6 7 4
15 15 0 1 2 3 4 5 6 7 0
