0 0 0 5 2 6 7 0 3 1 4
0 2 10 5 2 6 7 4 3 1 0
0 3 11 5 2 6 0 4 3 1 7
0 6 10 5 2 6 1 4 3 0 7
0 7 8 5 2 6 1 4 3 7 0
0 7 10 5 2 0 1 4 3 6 7
0 8 9 5 2 1 0 4 3 6 7
0 9 8 5 2 1 7 4 3 6 0
0 11 9 5 2 1 4 0 3 6 7
0 13 8 5 2 1 4 7 3 6 0
0 12 9 0 2 1 4 5 3 6 7
0 15 8 3 2 1 4 5 0 6 7
0 16 6 3 2 1 4 5 6 0 7
0 17 4 3 2 1 4 5 6 7 0
0 18 6 3 2 1 0 5 6 7 4
0 20 7 0 2 1 4 5 6 7 3
0 20 7 3 2 0 4 5 6 7 1
0 19 7 3 2 0 1 5 6 7 4
0 21 7 5 2 1 4 0 6 7 3
0 23 5 5 2 1 4 3 6 7 0
0 22 7 4 2 1 0 5 6 7 3
0 23 5 4 2 1 3 5 6 7 0
0 24 7 5 2 1 0 4 6 7 3
0 25 5 5 2 1 3 4 6 7 0
0 24 7 5 2 1 0 3 6 7 4
0 24 7 4 2 1 3 5 6 0 7
0 26 7 0 2 1 3 5 6 7 4
0 26 7 5 2 1 3 4 6 0 7
0 27 7 5 2 1 3 0 6 7 4
0 24 7 5 2 1 4 3 6 0 7
0 21 7 3 2 7 4 5 6 0 1
0 22 6 3 2 7 4 5 6 1 0
0 21 7 3 2 4 0 5 6 7 1
0 22 5 3 2 4 1 5 6 7 0
0 20 7 3 2 7 1 5 6 0 4
0 20 7 0 2 1 3 5 6 7 4
0 23 7 3 2 4 1 5 6 0 7
0 21 7 3 2 7 1 5 6 4 0
0 27 7 5 2 1 3 0 6 7 4
0 27 7 5 2 1 3 0 6 7 4
0 25 8 5 2 0 1 4 6 7 3
0 26 8 4 2 0 3 5 6 7 1
0 27 6 4 2 3 0 5 6 7 1
0 28 4 4 2 3 1 5 6 7 0
0 29 6 0 2 3 4 5 6 7 1
0 32 0 1 2 3 4 5 6 7 0
