0 0 0 5 2 6 7 0 3 1 4
0 1 6 0 2 6 7 5 3 1 4
0 4 5 4 2 6 7 5 3 1 0
0 3 6 7 2 6 0 5 3 1 4
0 4 4 7 2 6 4 5 3 1 0
0 5 5 7 2 6 4 5 3 0 1
0 7 5 0 2 6 4 5 3 1 7
0 7 5 7 2 0 4 5 3 1 6
0 6 5 7 2 0 4 5 3 6 1
0 10 5 3 2 6 4 5 0 1 7
0 8 5 7 2 1 4 5 3 0 6
0 9 4 7 2 1 4 5 3 6 0
0 11 5 3 2 6 4 5 1 0 7
0 12 3 3 2 6 4 5 1 7 0
0 15 4 0 2 6 4 5 1 7 3
0 18 3 1 2 6 4 5 0 7 3
0 15 4 3 2 0 4 5 1 7 6
0 19 4 1 0 6 4 5 2 7 3
0 19 4 1 2 6 4 5 7 0 3
0 20 3 1 2 6 4 5 7 3 0
0 19 4 1 2 6 4 0 5 7 3
0 21 3 1 2 6 4 3 5 7 0
0 20 4 1 6 0 4 5 2 7 3
0 24 4 1 2 0 4 3 5 7 6
0 20 4 1 2 0 4 5 7 6 3
0 23 4 1 2 0 4 5 7 3 6
0 24 3 1 2 3 4 5 7 0 6
0 25 2 1 2 3 4 5 7 6 0
0 25 2 1 2 3 4 5 0 7 6
0 26 3 1 0 3 4 5 2 7 6
0 26 3 1 2 3 4 0 5 7 6
0 28 2 1 2 3 4 6 5 7 0
0 26 4 1 2 3 0 5 7 6 4
0 27 4 1 2 3 4 0 7 6 5
0 28 4 0 2 3 4 5 7 6 1
0 27 4 0 1 3 4 5 2 7 6
0 30 3 6 1 3 4 5 2 7 0
0 27 4 1 3 0 4 5 2 7 6
0 27 4 0 2 3 4 1 5 7 6
0 30 3 6 2 3 4 1 5 7 0
0 29 4 1 0 3 4 2 5 7 6
0 29 4 1 2 3 0 4 5 7 6
0 30 3 1 2 3 6 4 5 7 0
0 30 4 5 2 3 4 1 0 7 6
0 32 4 1 2 3 6 0 5 7 4
0 33 3 1 2 3 6 5 0 7 4
0 31 4 5 2 3 4 0 1 7 6
0 32 3 0 2 3 4 5 1 7 6
0 35 2 6 2 3 4 5 1 7 0
0 33 3 5 2 3 4 6 1 7 0
0 35 4 1 2 3 0 6 5 7 4
0 38 4 6 2 0 4 5 1 7 3
0 36 4 0 2 3 4 6 1 7 5
0 39 3 1 2 3 4 6 0 7 5
0 40 2 1 2 3 4 0 6 7 5
0 42 0 1 2 3 4 5 6 7 0
