0 0 0 6 0 5 7 2 3 4 1
10 1 9 6 3 5 7 2 0 4 1
9 2 7 6 3 5 7 2 4 0 1
9 3 6 6 3 5 7 2 4 1 0
11 1 10 0 6 5 7 2 3 4 1
8 4 4 1 6 5 7 2 3 4 0
11 5 6 1 6 5 0 2 3 4 7
11 5 6 1 6 5 7 2 3 0 4
12 2 10 6 3 5 7 0 2 4 1
10 4 6 6 3 5 7 1 2 4 0
12 3 9 6 3 0 7 2 4 5 1
12 4 8 6 3 5 0 2 4 1 7
12 1 11 6 5 0 7 2 3 4 1
12 2 10 2 6 5 7 0 3 4 1
10 4 6 2 6 5 7 1 3 4 0
13 6 7 0 3 5 7 2 4 1 6
13 2 11 6 5 4 7 2 3 0 1
13 2 11 6 5 7 0 2 3 4 1
12 3 9 6 5 7 1 2 3 4 0
13 4 9 6 3 7 0 2 4 5 1
12 5 7 6 3 7 1 2 4 5 0
13 5 8 6 3 5 7 1 2 0 4
13 5 8 6 3 5 0 1 2 4 7
13 4 9 3 6 5 7 2 0 4 1
12 5 7 3 6 5 7 2 4 0 1
12 6 6 3 6 5 7 2 4 1 0
13 3 10 7 6 5 0 2 3 4 1
12 4 8 7 6 5 1 2 3 4 0
13 3 10 0 3 5 7 6 2 4 1
10 6 4 1 3 5 7 6 2 4 0
13 3 10 6 5 4 7 2 3 1 0
13 5 8 2 6 5 0 1 3 4 7
13 5 8 2 6 5 7 1 3 0 4
13 8 5 1 3 5 7 0 2 4 6
13 7 6 1 3 5 0 6 2 4 7
13 7 6 1 3 5 7 6 2 0 4
13 9 4 1 3 5 7 2 0 4 6
12 10 2 1 3 5 7 2 4 0 6
11 11 0 1 3 5 7 2 4 6 0
