0 0 0 2 3 6 1 4 7 0 5
7 1 6 2 3 0 1 4 7 6 5
7 1 6 2 3 6 1 4 7 5 0
8 2 6 2 3 1 0 4 7 6 5
8 1 7 2 3 6 1 4 0 7 5
8 3 5 2 3 1 5 4 7 6 0
8 2 6 2 3 6 1 0 4 7 5
8 3 5 0 3 6 1 2 4 7 5
9 2 7 2 0 3 1 4 7 6 5
9 4 5 2 3 6 1 5 4 7 0
9 2 7 2 3 6 0 4 7 5 1
9 2 7 2 0 6 1 4 3 7 5
9 3 6 0 2 3 1 4 7 6 5
9 3 6 0 2 6 1 4 3 7 5
9 5 4 1 3 6 0 2 4 7 5
9 6 3 1 3 6 5 2 4 7 0
10 4 6 4 2 3 1 0 7 6 5
10 4 6 4 2 6 1 0 3 7 5
10 5 5 1 2 3 0 4 7 6 5
10 3 7 2 3 0 6 4 7 5 1
10 3 7 2 6 0 1 4 3 7 5
10 4 6 2 3 5 6 4 7 0 1
10 6 4 5 3 6 1 2 4 7 0
10 5 5 2 3 5 6 4 7 1 0
10 3 7 2 3 6 1 0 7 5 4
10 6 4 4 2 6 1 5 3 7 0
10 4 6 0 3 6 1 2 7 5 4
10 6 4 1 2 3 5 4 7 6 0
10 6 4 4 2 3 1 5 7 6 0
10 3 7 2 7 3 1 4 0 6 5
10 4 6 0 3 1 2 4 7 6 5
10 4 6 3 0 6 1 2 4 7 5
10 6 4 1 3 0 6 2 4 7 5
10 4 6 2 7 3 1 4 6 0 5
10 4 6 2 7 3 1 0 4 6 5
10 5 5 1 2 6 0 4 3 7 5
10 5 5 2 7 3 1 4 6 5 0
10 5 5 0 7 3 1 2 4 6 5
10 6 4 1 2 6 5 4 3 7 0
11 5 6 2 3 6 0 1 4 7 5
11 4 7 0 3 6 1 4 7 5 2
11 4 7 2 3 6 1 7 0 5 4
11 6 5 5 2 6 1 4 3 7 0
11 5 6 2 3 5 6 4 0 7 1
11 6 5 5 2 3 1 4 7 6 0
11 5 6 2 3 1 5 0 7 6 4
11 4 7 2 0 3 6 4 7 5 1
11 6 5 2 3 5 6 0 4 7 1
11 4 7 0 3 6 2 4 7 5 1
11 5 6 0 2 3 6 4 7 5 1
11 7 4 0 3 5 6 2 4 7 1
11 6 5 0 3 1 5 2 7 6 4
11 5 6 2 3 6 1 5 4 0 7
11 6 5 1 2 0 6 4 3 7 5
11 6 5 7 0 3 1 2 4 6 5
11 6 5 2 3 6 5 1 4 7 0
11 7 4 1 7 3 0 2 4 6 5
11 4 7 2 3 1 5 4 7 0 6
11 4 7 2 6 1 0 4 3 7 5
11 5 6 4 2 3 1 7 0 6 5
11 5 6 4 2 6 1 3 0 7 5
11 6 5 2 7 3 1 5 4 6 0
11 5 6 2 3 6 0 5 4 7 1
11 5 6 2 3 1 4 0 7 6 5
11 5 6 3 6 0 1 2 4 7 5
11 7 4 1 3 7 6 2 4 0 5
11 7 4 1 3 6 5 2 4 0 7
11 5 6 4 3 1 2 0 7 6 5
11 8 3 1 3 6 7 2 4 0 5
11 6 5 0 3 1 4 2 7 6 5
11 8 3 1 3 7 6 2 4 5 0
11 8 3 1 3 0 5 2 4 6 7
11 9 2 1 3 0 7 2 4 6 5
11 9 2 1 3 6 7 2 4 5 0
11 9 2 1 3 5 0 2 4 6 7
10 10 0 1 3 5 7 2 4 6 0
