0 0 0 2 3 6 1 4 7 0 5
9 1 8 2 3 6 1 4 7 5 0
11 1 10 2 3 0 1 4 7 6 5
11 2 9 2 3 1 0 4 7 6 5
10 3 7 2 3 1 5 4 7 6 0
12 2 10 2 3 6 0 4 7 5 1
12 1 11 2 3 6 1 4 0 7 5
12 2 10 2 3 6 1 0 4 7 5
12 4 8 2 3 6 1 5 4 7 0
13 2 11 2 0 3 1 4 7 6 5
13 5 8 2 3 6 0 1 4 7 5
12 6 6 2 3 6 5 1 4 7 0
13 3 10 0 2 3 1 4 7 6 5
11 5 6 1 2 3 0 4 7 6 5
10 6 4 1 2 3 5 4 7 6 0
12 6 6 5 2 3 1 4 7 6 0
13 7 6 2 3 6 5 1 4 0 7
13 5 8 2 3 6 1 5 4 0 7
13 3 10 0 3 6 1 2 4 7 5
11 5 6 1 3 6 0 2 4 7 5
10 6 4 1 3 6 5 2 4 7 0
11 7 4 1 3 6 5 2 4 0 7
12 8 4 1 3 6 7 2 4 0 5
11 9 2 1 3 6 7 2 4 5 0
12 8 4 1 3 0 5 2 4 6 7
11 9 2 1 3 5 0 2 4 6 7
10 10 0 1 3 5 7 2 4 6 0
