0 0 0 2 3 6 1 4 7 0 5
0 1 8 2 3 6 1 4 7 5 0
0 1 10 2 3 0 1 4 7 6 5
0 2 9 2 3 1 0 4 7 6 5
0 3 7 2 3 1 5 4 7 6 0
0 4 9 2 3 1 5 4 7 0 6
0 4 10 2 3 0 1 4 7 5 6
0 5 8 2 3 5 1 4 7 0 6
0 6 6 2 3 5 1 4 7 6 0
0 7 8 2 3 5 0 4 7 6 1
0 5 9 2 3 1 0 4 7 5 6
0 6 9 2 3 5 1 4 0 7 6
0 7 8 2 3 5 1 0 4 7 6
0 10 6 2 3 5 0 1 4 7 6
0 13 4 2 3 5 7 1 4 0 6
0 14 2 2 3 5 7 1 4 6 0
0 15 4 2 3 5 0 1 4 6 7
0 14 6 2 3 0 7 1 4 5 6
0 11 6 2 3 5 6 1 4 7 0
0 17 6 2 3 0 7 1 4 6 5
0 16 6 2 3 0 5 1 4 6 7
0 12 6 2 3 5 6 1 4 0 7
0 18 6 2 3 6 7 1 4 0 5
0 19 4 2 3 6 7 1 4 5 0
0 18 6 2 3 7 0 1 4 6 5
0 19 4 2 3 7 5 1 4 6 0
0 20 6 2 3 6 0 1 4 5 7
0 20 6 2 3 7 5 1 4 0 6
0 23 6 2 3 6 5 1 4 0 7
0 17 6 2 3 6 5 1 4 0 7
0 24 6 2 3 6 5 1 4 7 0
0 18 6 2 3 6 5 1 4 7 0
0 18 6 2 3 5 1 0 4 6 7
0 20 4 2 3 5 1 7 4 6 0
0 18 6 2 3 5 6 1 4 0 7
0 15 6 2 3 7 0 1 4 5 6
0 17 6 0 3 5 2 1 4 6 7
0 18 4 1 3 5 2 0 4 6 7
0 20 2 1 3 5 2 7 4 6 0
0 21 2 1 3 5 0 2 4 6 7
0 22 0 1 3 5 7 2 4 6 0
