0 0 0 2 3 6 1 4 7 0 5
0 1 6 2 3 0 1 4 7 6 5
0 1 6 2 3 6 1 4 7 5 0
0 2 6 2 3 1 0 4 7 6 5
0 3 5 2 3 1 5 4 7 6 0
0 4 6 0 3 1 2 4 7 6 5
0 7 5 5 3 1 2 4 7 6 0
0 6 6 2 3 0 5 4 7 6 1
0 7 5 2 3 5 0 4 7 6 1
0 8 4 2 3 5 1 4 7 6 0
0 9 5 0 3 5 2 4 7 6 1
0 12 3 1 3 5 2 4 7 6 0
0 13 4 1 3 5 0 4 7 6 2
0 14 4 1 3 5 2 0 7 6 4
0 17 3 1 3 5 0 2 7 6 4
0 18 2 1 3 5 4 2 7 6 0
0 16 4 1 3 5 4 0 7 6 2
0 19 4 0 3 5 1 2 7 6 4
0 22 3 4 3 5 1 2 7 6 0
0 20 4 1 3 5 6 2 7 0 4
0 21 3 1 3 5 6 2 7 4 0
0 22 4 7 3 5 1 2 0 6 4
0 23 4 4 3 5 0 2 7 6 1
0 21 4 1 3 5 6 2 0 7 4
0 22 4 1 3 5 0 2 7 4 6
0 25 4 0 3 5 4 2 7 6 1
0 21 4 1 3 0 4 2 7 6 5
0 17 4 1 3 5 4 7 0 6 2
0 19 4 1 3 5 4 2 7 0 6
0 20 4 1 3 5 4 0 7 6 2
0 21 4 0 3 5 4 2 7 6 1
0 15 4 1 3 5 2 7 0 6 4
0 18 4 1 3 0 5 2 7 6 4
0 20 4 1 3 5 4 2 0 7 6
0 24 4 7 3 5 4 2 0 6 1
0 25 4 1 3 5 4 2 7 0 6
0 28 4 7 3 5 4 2 0 6 1
0 22 4 1 3 4 0 2 7 6 5
0 23 3 1 3 4 5 2 7 6 0
0 26 5 4 3 5 6 2 7 0 1
0 27 4 4 3 5 6 2 7 1 0
0 22 5 1 3 5 6 0 2 7 4
0 24 4 1 3 5 6 4 2 7 0
0 13 5 1 3 5 2 4 7 0 6
0 26 5 4 3 5 2 0 7 6 1
0 28 4 4 3 5 2 1 7 6 0
0 26 5 0 3 4 5 2 7 6 1
0 12 5 7 3 5 2 4 0 6 1
0 13 4 7 3 5 2 0 4 6 1
0 15 3 7 3 5 2 1 4 6 0
0 16 3 7 3 5 0 2 4 6 1
0 17 2 7 3 5 1 2 4 6 0
0 18 2 0 3 5 7 2 4 6 1
0 21 0 1 3 5 7 2 4 6 0
