0 0 0 5 3 0 7 2 4 6 1
8 1 7 5 3 6 7 2 4 0 1
8 1 7 5 3 7 0 2 4 6 1
7 2 5 5 3 7 1 2 4 6 0
8 2 6 5 3 6 7 2 4 1 0
10 3 7 5 3 7 1 2 4 0 6
10 1 9 5 0 3 7 2 4 6 1
10 2 8 0 5 3 7 2 4 6 1
7 5 2 1 5 3 7 2 4 6 0
10 6 4 1 5 3 0 2 4 6 7
10 6 4 1 5 3 7 2 4 0 6
11 3 8 2 5 3 7 0 4 6 1
9 5 4 2 5 3 7 1 4 6 0
11 3 8 5 3 6 0 2 4 1 7
11 2 9 5 4 3 7 2 0 6 1
11 2 9 5 3 6 7 2 0 4 1
11 3 8 0 3 7 5 2 4 6 1
8 6 2 1 3 7 5 2 4 6 0
11 7 4 1 3 7 0 2 4 6 5
11 7 4 1 3 7 5 2 4 0 6
12 6 6 2 5 3 7 1 4 0 6
12 6 6 2 5 3 0 1 4 6 7
12 8 4 1 3 0 7 2 4 6 5
12 5 7 5 3 0 1 2 4 6 7
12 4 8 7 5 3 0 2 4 6 1
11 5 6 7 5 3 1 2 4 6 0
12 6 6 5 3 1 0 2 4 6 7
11 7 4 5 3 1 7 2 4 6 0
12 3 9 5 4 3 7 2 6 0 1
12 4 8 2 3 7 5 0 4 6 1
10 6 4 2 3 7 5 1 4 6 0
12 4 8 5 4 3 7 2 6 1 0
13 4 9 5 3 7 1 2 0 4 6
13 5 8 0 3 7 1 2 4 6 5
13 4 9 5 3 7 2 0 4 6 1
11 6 5 5 3 7 2 1 4 6 0
13 7 6 1 5 0 7 2 4 3 6
13 4 9 2 5 3 7 4 0 6 1
13 6 7 5 3 6 1 2 4 0 7
13 9 4 1 3 6 7 2 4 0 5
12 10 2 1 3 6 7 2 4 5 0
13 4 9 5 3 0 1 2 4 7 6
13 7 6 1 5 3 7 0 4 6 2
13 9 4 1 3 0 5 2 4 6 7
12 10 2 1 3 5 0 2 4 6 7
11 11 0 1 3 5 7 2 4 6 0
