0 0 0 5 2 3 1 0 4 6 7
9 1 8 5 2 3 1 4 0 6 7
8 2 6 5 2 3 1 4 6 0 7
7 3 4 5 2 3 1 4 6 7 0
10 2 8 5 2 3 1 7 4 6 0
10 3 7 5 2 3 0 1 4 6 7
10 4 6 5 2 3 0 4 6 7 1
10 4 6 5 2 3 7 1 4 6 0
10 1 9 0 2 3 1 5 4 6 7
8 3 5 1 2 3 0 5 4 6 7
9 4 5 1 2 3 7 5 4 6 0
11 3 8 5 2 0 1 4 6 3 7
11 4 7 1 2 0 3 5 4 6 7
11 4 7 5 2 1 0 4 6 3 7
11 5 6 5 2 3 1 0 6 7 4
12 6 6 1 2 3 6 5 4 0 7
11 7 4 1 2 3 6 5 4 7 0
12 4 8 4 2 3 1 5 0 6 7
11 5 6 4 2 3 1 5 6 0 7
10 6 4 4 2 3 1 5 6 7 0
12 4 8 7 2 3 1 5 4 6 0
12 5 7 1 2 3 7 5 4 0 6
12 2 10 5 0 3 1 4 2 6 7
12 2 10 2 0 3 1 5 4 6 7
11 3 8 2 3 0 1 5 4 6 7
11 4 7 2 3 1 0 5 4 6 7
10 5 5 2 3 1 7 5 4 6 0
12 3 9 5 3 0 1 4 2 6 7
12 3 9 2 4 3 1 5 0 6 7
11 4 7 2 4 3 1 5 6 0 7
10 5 5 2 4 3 1 5 6 7 0
12 4 8 2 3 6 1 5 4 0 7
12 3 9 5 0 3 1 2 4 6 7
11 4 7 5 3 0 1 2 4 6 7
11 5 6 5 3 1 0 2 4 6 7
10 6 4 5 3 1 7 2 4 6 0
12 8 4 5 2 3 0 1 6 7 4
11 9 2 5 2 3 4 1 6 7 0
12 6 6 0 2 3 1 5 6 7 4
10 8 2 1 2 3 0 5 6 7 4
9 9 0 1 2 3 4 5 6 7 0
