0 0 0 5 2 3 1 0 4 6 7
6 1 5 0 2 3 1 5 4 6 7
7 2 5 5 2 3 1 7 4 6 0
7 3 4 1 2 3 0 5 4 6 7
7 1 6 5 2 3 1 4 0 6 7
7 4 3 1 2 3 7 5 4 6 0
7 2 5 5 2 3 1 4 6 0 7
6 3 3 5 2 3 1 4 6 7 0
8 4 4 7 2 3 1 5 4 6 0
8 2 6 2 0 3 1 5 4 6 7
8 3 5 5 0 3 1 2 4 6 7
8 3 5 2 3 0 1 5 4 6 7
8 4 4 5 3 0 1 2 4 6 7
8 4 4 5 2 3 0 4 6 7 1
9 4 5 4 2 3 1 5 0 6 7
9 4 5 0 5 3 1 2 4 6 7
9 5 4 5 3 1 0 2 4 6 7
8 6 2 5 3 1 7 2 4 6 0
9 5 4 1 2 3 7 5 4 0 6
9 2 7 5 0 3 1 4 2 6 7
9 3 6 5 2 3 0 1 4 6 7
8 4 4 5 2 3 7 1 4 6 0
9 3 6 2 4 3 1 5 0 6 7
9 4 5 1 2 0 3 5 4 6 7
9 4 5 2 4 3 1 5 6 0 7
8 5 3 2 4 3 1 5 6 7 0
9 4 5 2 3 1 0 5 4 6 7
8 5 3 2 3 1 7 5 4 6 0
9 3 6 5 3 0 1 4 2 6 7
9 5 4 5 2 3 1 0 6 7 4
9 3 6 5 2 0 1 4 6 3 7
9 3 6 5 2 3 1 7 4 0 6
9 3 6 5 2 3 0 7 4 6 1
9 5 4 4 2 3 1 5 6 0 7
8 6 2 4 2 3 1 5 6 7 0
9 6 3 0 2 3 1 5 6 7 4
10 5 5 5 3 6 1 2 4 0 7
10 5 5 1 0 2 3 5 4 6 7
10 6 4 0 2 3 5 4 6 7 1
10 5 5 5 2 0 3 4 6 7 1
10 4 6 5 4 3 1 2 0 6 7
10 6 4 2 4 3 0 5 6 7 1
10 3 7 0 5 3 1 4 2 6 7
10 5 5 1 2 6 3 5 4 0 7
9 6 3 1 2 6 3 5 4 7 0
10 4 6 5 2 0 3 1 4 6 7
10 4 6 2 3 6 1 5 4 0 7
10 5 5 7 2 3 1 5 4 0 6
10 5 5 2 3 6 1 5 4 7 0
10 6 4 1 2 3 7 5 0 4 6
10 6 4 1 2 3 6 5 4 0 7
9 7 2 1 2 3 6 5 4 7 0
10 6 4 0 2 3 1 4 6 7 5
10 7 3 4 2 3 0 5 6 7 1
10 6 4 5 3 6 1 2 4 7 0
10 8 2 1 2 3 0 5 6 7 4
9 9 0 1 2 3 4 5 6 7 0
