0 0 0 3 6 2 1 5 4 0 7
9 1 8 3 6 2 1 5 4 7 0
12 1 11 3 6 2 1 5 0 4 7
12 2 10 3 6 2 0 5 4 7 1
13 2 11 3 0 2 1 5 6 4 7
12 3 9 3 2 0 1 5 6 4 7
11 4 7 3 2 4 1 5 6 0 7
10 5 5 3 2 4 1 5 6 7 0
12 4 8 3 2 1 0 5 6 4 7
13 6 7 3 2 4 0 5 6 7 1
13 1 12 3 6 0 1 5 4 2 7
13 3 10 0 3 2 1 5 6 4 7
11 5 6 1 3 2 0 5 6 4 7
12 6 6 1 3 2 7 5 6 4 0
12 8 4 1 3 2 4 5 6 0 7
11 9 2 1 3 2 4 5 6 7 0
13 7 6 1 3 2 7 5 6 0 4
13 5 8 3 2 1 7 5 6 4 0
13 2 11 3 6 1 0 5 4 2 7
12 3 9 3 6 1 7 5 4 2 0
13 7 6 3 2 1 4 5 6 0 7
12 8 4 3 2 1 4 5 6 7 0
14 2 12 3 6 2 1 0 5 4 7
14 5 9 3 2 4 1 5 0 6 7
14 6 8 1 3 0 2 5 6 4 7
13 7 6 1 3 4 2 5 6 0 7
12 8 4 1 3 4 2 5 6 7 0
14 2 12 3 0 6 1 5 4 2 7
14 4 10 5 3 2 1 0 6 4 7
14 3 11 0 3 6 1 5 4 2 7
12 5 7 1 3 6 0 5 4 2 7
11 6 5 1 3 6 7 5 4 2 0
13 7 6 1 3 6 7 5 4 0 2
14 4 10 3 6 1 7 5 4 0 2
14 7 7 3 2 0 4 5 6 7 1
14 6 8 3 2 1 7 5 6 0 4
14 8 6 1 3 0 7 5 4 6 2
14 10 4 1 3 2 0 5 6 7 4
14 8 6 1 3 6 2 5 4 0 7
14 4 10 5 3 6 1 0 4 2 7
14 6 8 5 3 6 1 7 4 2 0
15 7 8 1 0 3 2 5 6 4 7
15 3 12 3 4 6 1 5 0 2 7
14 4 10 3 4 6 1 5 2 0 7
14 5 9 3 4 6 1 5 2 7 0
15 9 6 1 3 2 4 5 0 6 7
15 8 7 3 2 0 1 5 6 7 4
15 5 10 3 6 2 0 1 5 4 7
15 4 11 3 6 2 1 7 5 4 0
15 6 9 7 3 2 1 5 6 4 0
15 9 6 3 2 1 0 5 6 7 4
15 9 6 3 2 1 0 5 6 7 4
15 6 9 3 6 2 7 1 5 4 0
15 9 6 1 3 4 0 5 6 7 2
15 5 10 3 4 0 1 5 2 6 7
15 4 11 0 6 2 1 5 4 7 3
13 6 7 1 6 2 0 5 4 7 3
12 7 5 1 6 2 3 5 4 7 0
15 6 9 3 4 1 0 5 2 6 7
14 7 7 3 4 1 7 5 2 6 0
15 8 7 1 6 2 3 5 4 0 7
15 3 12 3 6 0 2 5 4 7 1
15 6 9 5 3 2 1 7 6 4 0
15 7 8 5 3 6 0 1 4 2 7
14 8 6 5 3 6 7 1 4 2 0
15 9 6 1 3 0 2 5 4 6 7
15 9 6 1 3 6 2 5 4 7 0
15 5 10 3 6 1 2 5 4 0 7
15 8 7 3 2 7 4 5 6 0 1
15 7 8 5 3 2 0 1 6 4 7
15 8 7 1 3 6 7 0 4 2 5
15 8 7 1 3 6 5 0 4 2 7
15 6 9 0 2 1 3 5 6 4 7
15 9 6 1 3 7 0 5 4 6 2
14 10 4 1 3 7 2 5 4 6 0
15 8 7 5 3 2 7 1 6 4 0
15 10 5 1 3 6 5 7 4 2 0
15 9 6 3 2 7 4 5 6 1 0
15 6 9 3 6 1 2 5 4 7 0
15 4 11 0 6 2 3 5 4 7 1
15 6 9 7 3 6 1 5 4 2 0
15 6 9 1 3 0 6 5 4 2 7
15 4 11 3 6 7 2 5 4 0 1
15 3 12 3 6 2 1 0 4 7 5
15 7 8 1 3 2 6 5 4 0 7
14 8 6 1 3 2 6 5 4 7 0
15 5 10 3 6 7 2 5 4 1 0
15 4 11 3 6 2 1 4 0 7 5
15 9 6 1 3 0 4 5 6 2 7
16 7 9 1 6 0 2 5 4 7 3
16 8 8 1 3 4 2 5 0 6 7
16 8 8 0 2 4 1 5 6 7 3
14 10 4 1 2 4 0 5 6 7 3
13 11 2 1 2 4 3 5 6 7 0
15 11 4 1 2 0 4 5 6 7 3
16 5 11 5 3 2 1 6 0 4 7
16 8 8 1 3 2 7 0 6 4 5
16 7 9 7 3 2 1 5 6 0 4
16 10 6 1 3 0 4 5 6 7 2
16 3 13 0 6 2 1 3 5 4 7
14 5 9 1 6 2 0 3 5 4 7
15 6 9 1 6 2 7 3 5 4 0
15 8 7 1 6 2 4 3 5 0 7
14 9 5 1 6 2 4 3 5 7 0
16 7 9 3 2 4 1 0 6 7 5
16 8 8 1 3 2 5 0 6 4 7
16 6 10 5 3 2 1 6 4 0 7
15 7 8 5 3 2 1 6 4 7 0
16 7 9 1 6 2 7 3 5 0 4
16 10 6 1 3 2 5 7 6 4 0
16 12 4 1 2 7 4 5 6 0 3
15 13 2 1 2 7 4 5 6 3 0
16 5 11 3 6 2 1 4 7 0 5
16 5 11 5 6 2 1 0 4 7 3
16 12 4 1 2 4 3 5 6 0 7
16 6 10 3 6 2 1 4 7 5 0
16 6 10 5 6 2 1 4 0 7 3
16 7 9 5 6 2 1 3 4 7 0
16 5 11 3 6 2 1 7 5 0 4
16 4 12 3 6 0 1 5 4 7 2
16 5 11 3 0 2 1 4 6 7 5
15 6 9 3 2 0 1 4 6 7 5
15 7 8 3 2 1 0 4 6 7 5
14 8 6 3 2 1 5 4 6 7 0
16 6 10 0 3 2 1 4 6 7 5
14 8 6 1 3 2 0 4 6 7 5
13 9 4 1 3 2 5 4 6 7 0
15 9 6 5 3 2 1 4 6 7 0
16 4 12 3 4 6 1 0 5 2 7
16 9 7 3 2 7 1 5 6 0 4
16 10 6 1 0 3 4 5 6 2 7
16 6 10 3 6 2 0 1 4 7 5
15 7 8 3 6 2 5 1 4 7 0
16 9 7 1 3 2 0 5 4 7 6
16 7 9 5 3 2 1 7 6 0 4
16 5 11 3 6 1 5 0 4 2 7
16 8 8 0 2 4 3 5 6 7 1
16 5 11 3 6 2 7 5 4 0 1
16 5 11 5 3 6 1 4 0 2 7
15 6 9 5 3 6 1 4 2 0 7
15 7 8 5 3 6 1 4 2 7 0
16 4 12 0 6 1 3 5 4 2 7
16 7 9 5 3 6 1 7 4 0 2
16 5 11 5 6 2 3 0 4 7 1
14 7 7 5 6 2 3 1 4 7 0
16 8 8 1 6 3 2 5 0 4 7
16 9 7 1 3 0 7 5 4 2 6
16 6 10 3 2 4 1 0 5 6 7
16 7 9 5 2 1 3 0 6 4 7
16 10 6 1 3 2 7 5 4 0 6
15 11 4 1 3 2 7 5 4 6 0
16 9 7 1 6 3 2 5 4 0 7
15 10 5 1 6 3 2 5 4 7 0
16 6 10 5 6 2 3 4 0 7 1
16 5 11 3 6 1 7 0 4 2 5
16 6 10 3 6 2 7 5 4 1 0
16 8 8 1 3 0 7 5 6 2 4
15 9 6 1 3 7 0 5 6 2 4
14 10 4 1 3 7 4 5 6 2 0
16 8 8 1 3 6 7 5 0 4 2
16 7 9 5 3 0 1 4 2 6 7
16 7 9 3 6 1 5 7 4 2 0
16 8 8 3 2 1 4 5 0 6 7
16 8 8 5 3 1 0 4 2 6 7
15 9 6 5 3 1 7 4 2 6 0
16 10 6 1 3 4 0 5 6 2 7
16 8 8 3 6 2 4 1 5 0 7
15 9 6 3 6 2 4 1 5 7 0
16 6 10 3 4 6 1 7 5 2 0
16 10 6 1 3 2 5 4 6 0 7
16 8 8 1 3 2 7 5 0 6 4
16 8 8 3 2 0 4 5 6 1 7
16 5 11 3 6 7 1 5 4 0 2
16 9 7 5 3 6 7 1 4 0 2
16 10 6 5 3 2 4 1 6 0 7
15 11 4 5 3 2 4 1 6 7 0
16 6 10 3 6 7 1 5 4 2 0
16 10 6 1 3 2 0 5 4 6 7
16 5 11 3 6 1 0 5 4 7 2
16 7 9 3 2 7 1 4 6 0 5
16 8 8 3 2 7 1 4 6 5 0
17 7 10 5 0 2 1 4 6 7 3
16 8 8 5 2 0 1 4 6 7 3
16 9 7 5 2 1 0 4 6 7 3
15 10 5 5 2 1 3 4 6 7 0
17 11 6 1 3 0 2 5 6 7 4
17 9 8 1 3 6 2 5 0 4 7
17 7 10 4 6 2 1 5 0 7 3
17 5 12 6 0 2 1 5 4 7 3
16 6 10 6 2 0 1 5 4 7 3
16 7 9 6 2 1 0 5 4 7 3
15 8 7 6 2 1 3 5 4 7 0
17 10 7 1 3 2 4 0 5 6 7
17 10 7 3 2 4 0 1 6 7 5
16 11 5 3 2 4 5 1 6 7 0
17 7 10 3 6 2 7 1 5 0 4
17 6 11 3 0 4 1 5 2 6 7
17 8 9 1 6 2 3 0 5 4 7
17 11 6 1 3 7 4 5 6 0 2
17 11 6 1 0 3 4 5 6 7 2
17 10 7 1 6 2 0 3 5 7 4
17 9 8 1 3 0 7 5 6 4 2
17 7 10 6 2 7 1 5 4 0 3
16 8 8 6 2 7 1 5 4 3 0
17 6 11 6 4 2 1 5 0 7 3
17 9 8 1 3 4 2 0 5 6 7
17 6 11 3 6 0 2 1 5 4 7
17 6 11 6 3 2 1 5 0 4 7
17 6 11 1 6 0 2 3 5 4 7
16 7 9 1 6 4 2 3 5 0 7
15 8 7 1 6 4 2 3 5 7 0
17 11 6 1 3 4 2 7 5 6 0
17 7 10 3 6 4 2 1 5 0 7
16 8 8 3 6 4 2 1 5 7 0
17 7 10 6 3 2 1 5 4 0 7
16 8 8 6 3 2 1 5 4 7 0
17 6 11 3 0 4 1 5 2 6 7
17 9 8 1 6 2 3 5 0 4 7
17 7 10 0 3 4 1 5 2 6 7
15 9 6 1 3 4 0 5 2 6 7
15 10 5 1 3 4 7 5 2 6 0
16 10 6 1 3 0 4 5 2 6 7
17 9 8 5 2 4 1 0 6 7 3
17 7 10 0 3 4 1 5 2 6 7
17 11 6 1 3 6 4 5 2 0 7
16 12 4 1 3 6 4 5 2 7 0
17 11 6 1 0 3 4 5 2 6 7
16 12 4 1 2 3 4 5 0 6 7
15 13 2 1 2 3 4 5 6 0 7
14 14 0 1 2 3 4 5 6 7 0
