0 0 0 3 6 2 1 5 4 0 7
0 1 5 3 6 2 1 5 4 7 0
0 2 6 3 6 2 0 5 4 7 1
0 4 6 3 6 0 1 5 4 7 2
0 3 6 3 6 0 2 5 4 7 1
0 4 6 0 6 2 3 5 4 7 1
0 7 4 1 6 2 3 5 4 7 0
0 8 5 1 6 2 0 5 4 7 3
0 10 5 1 6 0 3 5 4 7 2
0 11 4 1 6 3 0 5 4 7 2
0 12 3 1 6 3 2 5 4 7 0
0 13 5 0 6 3 1 5 4 7 2
0 16 4 2 6 3 1 5 4 7 0
0 15 5 0 6 3 2 5 4 7 1
0 15 5 1 6 0 2 5 4 7 3
0 14 5 6 0 3 1 5 4 7 2
0 16 5 4 6 3 1 5 0 7 2
0 17 4 4 0 3 1 5 6 7 2
0 18 4 0 4 3 1 5 6 7 2
0 20 3 1 4 3 0 5 6 7 2
0 21 2 1 4 3 2 5 6 7 0
0 21 3 2 4 3 1 5 6 7 0
0 23 4 1 4 3 5 0 6 7 2
0 25 3 1 4 3 5 2 6 7 0
0 23 4 1 4 3 7 5 6 0 2
0 24 3 1 4 3 7 5 6 2 0
0 24 4 1 4 0 2 5 6 7 3
0 26 4 1 0 3 5 4 6 7 2
0 26 4 1 4 3 0 2 6 7 5
0 25 4 1 4 3 0 5 6 2 7
0 22 4 2 4 3 0 5 6 7 1
0 22 4 1 4 3 2 5 6 0 7
0 23 4 1 4 3 2 0 6 7 5
0 24 4 0 4 3 2 5 6 7 1
0 21 4 1 4 0 3 5 6 7 2
0 26 4 1 0 3 2 4 6 7 5
0 25 4 4 0 3 2 5 6 7 1
0 22 4 1 0 4 3 5 6 7 2
0 25 4 1 4 2 0 5 6 7 3
0 26 3 1 4 2 3 5 6 7 0
0 29 4 1 4 3 2 0 6 7 5
0 28 4 1 4 3 2 5 6 0 7
0 24 4 0 4 3 2 5 6 7 1
0 25 4 1 0 4 2 5 6 7 3
0 28 5 0 4 3 5 2 6 7 1
0 24 5 1 4 3 7 5 0 6 2
0 25 4 1 0 3 7 5 4 6 2
0 26 3 1 3 0 7 5 4 6 2
0 27 4 1 3 6 7 5 4 0 2
0 28 3 1 3 6 7 5 4 2 0
0 27 4 1 3 7 0 5 4 6 2
0 28 3 1 3 7 2 5 4 6 0
0 30 4 1 3 6 7 0 4 2 5
0 31 4 1 3 0 7 5 4 2 6
0 30 4 1 3 7 2 0 4 6 5
0 33 3 1 3 7 0 2 4 6 5
0 34 2 1 3 7 5 2 4 6 0
0 34 2 1 3 0 7 2 4 6 5
0 37 3 1 3 0 5 2 4 6 7
0 38 2 1 3 5 0 2 4 6 7
0 39 0 1 3 5 7 2 4 6 0
