0 0 0 7 4 3 0 1 5 2 6
0 1 6 7 4 3 6 1 5 2 0
0 2 7 0 4 3 7 1 5 2 6
0 3 6 1 4 3 7 0 5 2 6
0 4 5 1 4 3 7 5 0 2 6
0 5 5 1 4 3 7 6 5 2 0
0 5 5 1 0 3 7 5 4 2 6
0 6 4 1 3 0 7 5 4 2 6
0 7 4 1 3 2 7 5 4 0 6
0 8 2 1 3 2 7 5 4 6 0
0 10 3 1 3 2 7 0 4 6 5
0 11 3 1 3 0 7 5 4 6 2
0 11 4 0 3 2 7 1 4 6 5
0 14 3 5 3 2 7 1 4 6 0
0 12 4 1 3 7 0 5 4 6 2
0 13 3 1 3 7 2 5 4 6 0
0 13 4 1 0 2 7 3 4 6 5
0 13 4 1 3 2 0 7 4 6 5
0 14 3 1 3 2 5 7 4 6 0
0 12 4 1 3 6 7 5 4 0 2
0 13 3 1 3 6 7 5 4 2 0
0 17 4 1 3 0 5 7 4 6 2
0 18 3 1 3 5 0 7 4 6 2
0 19 2 1 3 5 2 7 4 6 0
0 21 2 1 3 5 7 0 4 6 2
0 23 0 1 3 5 7 2 4 6 0
