0 0 0 2 6 3 7 5 0 4 1
6 1 5 2 0 3 7 5 6 4 1
6 2 4 0 2 3 7 5 6 4 1
7 1 6 2 6 3 7 5 4 0 1
7 5 2 1 2 3 7 5 6 4 0
7 2 5 2 6 3 7 5 4 1 0
8 2 6 2 3 0 7 5 6 4 1
8 2 6 2 6 0 7 5 4 3 1
8 4 4 7 2 3 0 5 6 4 1
8 3 5 5 2 3 7 0 6 4 1
8 1 7 2 6 3 7 0 5 4 1
8 5 3 7 2 3 1 5 6 4 0
8 2 6 0 6 3 7 2 5 4 1
9 3 6 2 3 4 7 5 6 0 1
9 3 6 2 3 7 0 5 6 4 1
9 3 6 6 0 3 7 2 5 4 1
9 5 4 1 6 3 7 2 5 4 0
9 4 5 2 3 4 7 5 6 1 0
9 4 5 2 3 4 7 5 0 6 1
9 3 6 2 6 3 0 5 4 1 7
9 5 4 5 2 3 7 1 6 4 0
9 3 6 2 6 3 7 1 5 4 0
9 3 6 2 0 6 7 5 4 3 1
9 4 5 6 3 0 7 2 5 4 1
9 6 3 1 2 3 7 5 6 0 4
9 6 3 1 2 3 0 5 6 4 7
9 4 5 2 3 7 1 5 6 4 0
10 3 7 2 6 7 0 5 4 3 1
10 4 6 2 6 3 7 0 4 1 5
10 4 6 0 2 6 7 5 4 3 1
10 4 6 2 6 7 1 5 4 3 0
10 5 5 6 3 4 7 2 5 0 1
10 6 4 7 2 3 1 5 6 0 4
10 5 5 6 2 3 7 5 0 4 1
10 5 5 2 3 4 7 0 5 6 1
10 4 6 5 2 3 7 6 0 4 1
10 7 3 7 2 3 4 5 6 0 1
10 6 4 6 3 4 7 2 5 1 0
10 6 4 0 3 4 7 2 5 6 1
10 8 2 7 2 3 4 5 6 1 0
10 5 5 7 2 0 3 5 6 4 1
10 4 6 6 5 3 7 2 0 4 1
10 5 5 0 6 3 7 2 4 1 5
10 5 5 6 5 3 7 2 4 0 1
10 6 4 6 5 3 7 2 4 1 0
11 5 6 5 6 3 7 2 0 4 1
11 4 7 7 6 3 0 2 5 4 1
11 9 2 1 2 3 4 5 6 0 7
10 10 0 1 2 3 4 5 6 7 0
