0 0 0 6 7 0 3 5 1 2 4
11 1 10 6 7 2 3 5 1 0 4
11 1 10 6 7 3 0 5 1 2 4
10 2 8 6 7 3 4 5 1 2 0
12 2 10 6 7 2 3 5 1 4 0
13 3 10 6 7 3 4 5 1 0 2
13 1 12 6 0 7 3 5 1 2 4
12 2 10 6 1 7 3 5 0 2 4
11 3 8 6 1 7 3 5 2 0 4
12 4 8 6 1 0 3 5 2 7 4
11 5 6 6 1 3 0 5 2 7 4
10 6 4 6 1 3 4 5 2 7 0
12 4 8 6 1 7 3 5 2 4 0
13 2 11 0 6 7 3 5 1 2 4
13 7 6 6 1 3 4 5 2 0 7
13 5 8 1 6 7 3 5 0 2 4
12 6 6 1 6 7 3 5 2 0 4
13 7 6 1 6 0 3 5 2 7 4
12 8 4 1 6 3 0 5 2 7 4
11 9 2 1 6 3 4 5 2 7 0
13 7 6 1 6 7 3 5 2 4 0
14 4 10 3 6 7 0 5 1 2 4
13 5 8 3 6 7 4 5 1 2 0
14 3 11 5 6 7 3 0 1 2 4
14 6 8 1 0 7 3 5 6 2 4
14 4 10 5 6 7 3 1 0 2 4
13 5 8 5 6 7 3 1 2 0 4
14 5 9 5 6 7 3 4 1 2 0
14 6 8 5 6 0 3 1 2 7 4
13 7 6 5 6 3 0 1 2 7 4
12 8 4 5 6 3 4 1 2 7 0
14 6 8 5 6 7 3 1 2 4 0
14 5 9 4 6 7 3 5 1 2 0
14 2 12 6 7 2 3 5 0 1 4
14 10 4 1 6 3 4 5 2 0 7
14 4 10 6 7 3 2 5 1 0 4
14 3 11 6 1 7 3 0 5 2 4
14 5 9 6 1 7 3 4 5 2 0
15 9 6 5 6 3 4 1 2 0 7
15 7 8 1 7 0 3 5 6 2 4
14 8 6 1 7 2 3 5 6 0 4
14 8 6 1 7 3 0 5 6 2 4
13 9 4 1 7 3 4 5 6 2 0
15 5 10 5 0 7 3 1 6 2 4
15 5 10 6 1 7 0 5 2 4 3
15 3 12 6 7 2 0 5 1 4 3
15 9 6 1 7 2 3 5 6 4 0
15 3 12 0 7 3 6 5 1 2 4
15 7 8 0 1 3 6 5 2 7 4
15 6 9 1 7 3 6 5 0 2 4
14 7 7 1 7 3 6 5 2 0 4
15 8 7 1 0 3 6 5 2 7 4
14 9 5 1 2 3 6 5 0 7 4
15 8 7 1 7 3 6 5 2 4 0
15 10 5 1 2 3 6 5 7 0 4
15 5 10 6 0 1 3 5 2 7 4
14 6 8 6 2 1 3 5 0 7 4
15 4 11 0 1 7 3 6 5 2 4
15 6 9 0 6 1 3 5 2 7 4
15 7 8 6 2 1 3 5 7 0 4
15 5 10 1 0 7 3 6 5 2 4
15 3 12 6 0 2 3 5 7 1 4
14 4 10 6 2 0 3 5 7 1 4
13 5 8 6 2 1 3 5 7 0 4
13 5 8 6 2 3 0 5 7 1 4
12 6 6 6 2 3 4 5 7 1 0
14 6 8 6 2 1 3 5 7 4 0
14 7 7 6 2 3 4 5 7 0 1
15 4 11 0 6 2 3 5 7 1 4
15 5 10 6 7 3 2 5 1 4 0
15 6 9 1 6 7 3 0 5 2 4
15 8 7 6 2 3 1 5 7 0 4
15 8 7 6 2 3 4 5 0 7 1
15 8 7 1 6 7 3 4 5 2 0
16 7 9 4 1 7 3 6 5 2 0
16 9 7 4 6 1 3 5 2 7 0
16 6 10 1 7 0 3 6 5 2 4
15 7 8 1 7 2 3 6 5 0 4
15 7 8 1 7 3 0 6 5 2 4
14 8 6 1 7 3 4 6 5 2 0
16 8 8 3 6 1 0 5 2 7 4
15 9 6 3 6 1 4 5 2 7 0
16 11 5 1 2 3 6 5 7 4 0
16 7 9 6 2 1 3 0 5 7 4
16 6 10 3 1 7 0 6 5 2 4
15 7 8 3 1 7 4 6 5 2 0
16 8 8 6 1 3 4 5 0 2 7
16 4 12 6 7 3 4 0 1 2 5
16 5 11 0 7 3 4 5 1 2 6
16 8 8 6 1 0 4 5 2 3 7
16 9 7 1 3 0 6 5 2 7 4
16 6 10 4 7 3 6 5 1 2 0
16 10 6 4 1 3 6 5 2 7 0
16 7 9 1 0 3 6 5 7 2 4
16 8 8 5 1 3 6 0 2 7 4
16 7 9 0 1 7 3 5 6 2 4
16 4 12 6 7 0 4 5 1 3 2
16 4 12 6 7 3 5 0 1 2 4
16 4 12 5 7 3 6 0 1 2 4
16 6 10 6 7 2 4 5 1 0 3
15 7 8 6 7 2 4 5 1 3 0
16 10 6 5 1 3 6 4 2 7 0
16 5 11 6 7 3 5 1 0 2 4
15 6 9 6 7 3 5 1 2 0 4
16 6 10 5 7 3 6 4 1 2 0
16 6 10 6 7 3 5 4 1 2 0
16 5 11 5 7 3 6 1 0 2 4
15 6 9 5 7 3 6 1 2 0 4
16 7 9 6 7 3 5 1 2 4 0
16 7 9 5 7 3 6 1 2 4 0
16 4 12 6 7 3 4 5 0 1 2
16 10 6 1 2 3 6 0 5 7 4
16 6 10 1 5 7 3 6 0 2 4
15 7 8 1 5 7 3 6 2 0 4
16 12 4 1 2 3 6 4 5 7 0
16 7 9 1 5 7 3 0 6 2 4
16 8 8 1 5 0 3 6 2 7 4
15 9 6 1 5 3 0 6 2 7 4
14 10 4 1 5 3 4 6 2 7 0
16 8 8 1 5 7 3 6 2 4 0
16 9 7 1 5 7 3 4 6 2 0
16 5 11 6 7 3 4 1 0 2 5
15 6 9 6 7 3 4 1 2 0 5
15 7 8 6 7 3 4 1 2 5 0
16 8 8 1 7 3 4 5 0 2 6
15 9 6 1 7 3 4 5 2 0 6
14 10 4 1 7 3 4 5 2 6 0
16 8 8 1 6 7 0 5 2 4 3
16 9 7 6 2 1 3 4 5 7 0
16 8 8 6 1 7 4 5 2 0 3
15 9 6 6 1 7 4 5 2 3 0
16 6 10 5 7 0 3 1 6 2 4
15 7 8 5 7 2 3 1 6 0 4
15 7 8 5 7 3 0 1 6 2 4
14 8 6 5 7 3 4 1 6 2 0
16 8 8 6 1 3 5 0 2 7 4
16 10 6 1 7 3 4 5 6 0 2
16 9 7 6 2 3 1 5 0 7 4
16 8 8 1 7 2 3 6 5 4 0
16 9 7 0 1 3 4 5 2 7 6
16 7 9 5 6 1 3 0 2 7 4
16 10 6 6 1 3 5 4 2 7 0
16 3 13 6 7 2 3 0 5 1 4
16 10 6 1 0 3 4 5 2 7 6
15 11 4 1 2 3 4 5 0 7 6
16 9 7 5 6 1 3 4 2 7 0
16 9 7 6 2 3 1 5 7 4 0
16 5 11 6 7 2 3 4 5 1 0
16 12 4 1 2 3 4 5 7 0 6
15 13 2 1 2 3 4 5 7 6 0
16 7 9 4 6 2 3 5 7 1 0
16 8 8 5 7 2 3 1 6 4 0
16 5 11 5 6 2 3 0 7 1 4
16 8 8 6 1 3 4 0 2 7 5
16 6 10 3 6 2 0 5 7 1 4
15 7 8 3 6 2 4 5 7 1 0
16 7 9 5 6 2 3 4 7 1 0
16 8 8 6 1 3 7 5 2 0 4
16 6 10 3 6 7 4 5 1 0 2
16 10 6 1 3 6 0 5 2 7 4
15 11 4 1 3 6 4 5 2 7 0
16 8 8 1 0 6 3 5 2 7 4
15 9 6 1 2 6 3 5 0 7 4
16 10 6 1 2 6 3 5 7 0 4
17 6 11 5 6 7 0 3 1 2 4
16 7 9 5 6 7 4 3 1 2 0
17 7 10 5 0 6 3 1 2 7 4
16 8 8 5 2 6 3 1 0 7 4
17 7 10 0 2 3 6 5 7 1 4
17 7 10 5 1 7 3 6 0 2 4
16 8 8 5 1 7 3 6 2 0 4
17 13 4 1 2 3 0 6 5 7 4
16 14 2 1 2 3 4 6 5 7 0
17 5 12 6 0 3 4 5 7 1 2
17 6 11 5 0 3 6 1 7 2 4
17 6 11 5 6 7 3 4 1 0 2
17 9 8 0 6 3 5 1 2 7 4
16 10 6 1 6 3 5 0 2 7 4
16 12 4 1 6 3 5 4 2 7 0
17 9 8 1 7 3 0 5 2 4 6
17 6 11 6 0 3 5 1 7 2 4
17 10 7 1 3 7 6 5 2 0 4
17 7 10 5 7 3 0 6 1 2 4
16 8 8 5 7 3 4 6 1 2 0
17 7 10 1 7 3 6 0 5 2 4
17 8 9 1 7 0 6 5 2 3 4
17 7 10 3 6 7 2 5 1 0 4
17 5 12 0 7 3 5 6 1 2 4
17 10 7 2 1 3 6 5 0 7 4
17 4 13 7 0 3 6 5 1 2 4
16 5 11 7 1 3 6 5 0 2 4
15 6 9 7 1 3 6 5 2 0 4
16 7 9 7 1 3 6 5 2 4 0
17 5 12 6 0 7 4 5 1 3 2
16 6 10 6 1 7 4 5 0 3 2
17 5 12 6 7 4 0 5 1 3 2
16 6 10 6 7 4 2 5 1 3 0
17 11 6 5 1 3 0 6 2 7 4
16 12 4 5 1 3 4 6 2 7 0
17 6 11 6 1 7 0 3 5 2 4
16 7 9 6 1 7 4 3 5 2 0
17 8 9 1 3 0 6 5 7 2 4
16 9 7 1 3 2 6 5 7 0 4
17 6 11 0 6 7 4 5 1 3 2
15 9 6 2 6 7 4 5 1 3 0
17 7 10 6 1 7 4 5 3 0 2
16 8 8 6 1 7 4 5 3 2 0
17 9 8 3 1 7 0 5 6 2 4
16 10 6 3 1 7 4 5 6 2 0
17 9 8 1 3 6 0 5 7 2 4
16 10 6 1 3 6 4 5 7 2 0
17 10 7 1 3 2 6 5 7 4 0
17 10 7 1 3 2 6 5 0 7 4
17 9 8 1 6 7 4 5 0 3 2
17 8 9 1 7 3 5 6 0 2 4
16 9 7 1 7 3 5 6 2 0 4
17 9 8 1 7 3 5 0 6 2 4
17 9 8 1 7 6 0 5 2 3 4
16 10 6 1 7 6 4 5 2 3 0
17 9 8 6 1 0 4 5 2 7 3
17 10 7 1 7 3 5 6 2 4 0
17 11 6 1 7 3 5 4 6 2 0
17 7 10 0 6 3 5 1 7 2 4
16 8 8 1 6 3 5 0 7 2 4
16 10 6 1 6 3 5 4 7 2 0
17 10 7 4 1 7 3 5 6 2 0
17 8 9 5 1 7 3 0 6 2 4
17 11 6 1 6 3 0 5 7 2 4
16 12 4 1 6 3 4 5 7 2 0
17 9 8 5 6 3 0 1 7 2 4
16 10 6 5 6 3 4 1 7 2 0
17 10 7 5 1 7 3 4 6 2 0
17 9 8 1 7 3 6 4 5 2 0
17 6 11 5 6 7 0 4 1 2 3
17 11 6 1 2 6 3 5 7 4 0
17 5 12 6 7 0 4 5 1 2 3
17 9 8 6 2 3 4 0 5 7 1
15 11 4 6 2 3 4 1 5 7 0
17 6 11 6 0 3 4 1 7 2 5
17 9 8 5 1 7 3 6 2 4 0
17 6 11 0 6 3 4 5 7 1 2
15 9 6 2 6 3 4 5 7 1 0
17 9 8 5 2 6 3 1 7 0 4
17 9 8 2 6 1 3 5 0 7 4
17 8 9 5 1 7 3 0 6 2 4
17 5 12 3 6 0 7 5 1 2 4
16 6 10 3 6 2 7 5 1 0 4
17 5 12 0 7 3 4 6 1 2 5
17 11 6 1 7 3 2 5 6 0 4
17 9 8 6 1 4 0 5 2 3 7
17 11 6 1 6 7 4 5 2 0 3
16 12 4 1 6 7 4 5 2 3 0
17 6 11 0 5 7 3 1 6 2 4
17 9 8 1 7 2 3 5 0 6 4
17 6 11 5 7 3 4 0 1 2 6
17 7 10 3 6 0 4 5 1 7 2
17 9 8 6 1 3 7 5 2 4 0
17 8 9 3 6 2 4 5 7 0 1
17 8 9 0 2 1 3 6 5 7 4
17 7 10 6 1 0 3 5 2 4 7
16 8 8 6 1 3 0 5 2 4 7
16 8 8 6 1 4 3 5 2 0 7
15 9 6 6 1 4 3 5 2 7 0
17 9 8 0 1 3 4 6 2 7 5
17 6 11 6 1 7 3 4 5 0 2
17 11 6 1 3 0 4 5 2 7 6
17 11 6 1 6 3 4 5 0 2 7
17 4 13 0 7 2 3 6 5 1 4
17 6 11 6 1 7 0 4 5 2 3
17 11 6 1 6 3 4 0 2 7 5
17 5 12 6 7 0 2 5 1 3 4
16 6 10 6 7 2 0 5 1 3 4
17 7 10 5 6 7 0 1 2 4 3
17 10 7 1 0 3 4 6 2 7 5
16 11 5 1 2 3 4 6 0 7 5
16 12 4 1 2 3 4 0 6 7 5
14 14 0 1 2 3 4 5 6 7 0
