0 0 0 6 7 0 3 5 1 2 4
0 1 6 6 7 3 0 5 1 2 4
0 2 4 6 7 3 4 5 1 2 0
0 3 5 6 7 3 4 5 1 0 2
0 5 5 0 7 3 4 5 1 2 6
0 8 4 1 7 3 4 5 0 2 6
0 9 4 1 0 3 4 5 7 2 6
0 9 4 1 7 3 4 5 2 0 6
0 10 3 1 7 3 4 5 2 6 0
0 9 5 1 7 3 4 0 5 2 6
0 11 4 1 7 3 4 6 5 2 0
0 10 5 1 7 0 4 5 2 3 6
0 12 5 1 7 3 4 6 5 0 2
0 11 5 1 0 7 4 5 2 3 6
0 12 4 1 2 7 4 5 0 3 6
0 13 4 1 2 7 4 5 3 0 6
0 14 3 1 2 0 4 5 3 7 6
0 14 3 1 2 7 4 5 3 6 0
0 15 4 1 2 4 0 5 3 7 6
0 16 3 1 2 4 6 5 3 7 0
0 15 4 1 0 2 4 5 3 7 6
0 17 4 1 2 0 4 5 3 6 7
0 19 4 1 2 0 6 5 3 7 4
0 16 4 1 3 2 4 5 0 7 6
0 18 4 1 2 6 4 5 3 0 7
0 19 2 1 2 6 4 5 3 7 0
0 19 4 1 2 6 4 5 0 3 7
0 20 4 1 2 6 0 5 3 7 4
0 21 4 1 2 6 4 0 3 7 5
0 22 4 0 2 6 4 5 3 7 1
0 22 4 1 2 6 4 3 0 7 5
0 25 4 3 2 6 4 5 0 7 1
0 20 4 1 2 6 0 5 3 7 4
0 24 5 1 2 6 0 4 3 7 5
0 25 4 1 2 6 5 4 3 7 0
0 23 5 1 2 6 4 3 7 0 5
0 24 4 1 2 6 4 3 7 5 0
0 22 5 0 2 6 1 5 3 7 4
0 25 4 4 2 6 1 5 3 7 0
0 23 5 1 2 6 7 5 3 0 4
0 24 4 1 2 6 7 5 3 4 0
0 6 5 7 0 3 4 5 1 2 6
0 27 5 1 2 0 4 3 7 5 6
0 17 5 1 2 4 6 5 3 0 7
0 26 5 3 0 6 4 5 2 7 1
0 26 5 3 2 6 4 5 7 0 1
0 27 4 3 2 6 4 5 7 1 0
0 27 5 1 2 0 7 5 3 4 6
0 18 5 1 2 4 6 5 0 3 7
0 23 5 2 0 6 4 5 3 7 1
0 24 5 4 2 6 0 5 3 7 1
0 23 5 1 0 6 4 3 2 7 5
0 27 5 0 3 6 4 5 2 7 1
0 30 3 1 3 6 4 5 2 7 0
0 33 4 1 3 0 4 5 2 7 6
0 34 3 1 0 3 4 5 2 7 6
0 35 2 1 2 3 4 5 0 7 6
0 36 3 1 2 3 4 5 7 0 6
0 37 2 1 2 3 4 5 7 6 0
0 36 3 1 2 3 4 0 5 7 6
0 38 2 1 2 3 4 6 5 7 0
0 35 4 0 1 3 4 5 2 7 6
0 38 3 6 1 3 4 5 2 7 0
0 38 4 1 2 3 0 5 7 6 4
0 39 4 1 2 3 4 0 7 6 5
0 41 4 0 2 3 4 6 5 7 1
0 41 4 1 2 0 4 6 5 7 3
0 38 4 2 1 3 4 5 0 7 6
0 40 4 0 2 3 4 5 7 6 1
0 39 4 1 2 3 0 4 5 7 6
0 40 3 1 2 3 6 4 5 7 0
0 39 4 1 2 3 4 6 5 0 7
0 39 4 1 0 3 4 2 5 7 6
0 40 4 1 2 0 4 5 7 6 3
0 37 4 0 2 3 4 1 5 7 6
0 40 3 6 2 3 4 1 5 7 0
0 37 4 1 2 0 4 5 7 3 6
0 39 4 1 2 3 0 6 5 7 4
0 41 4 1 2 3 6 5 7 0 4
0 42 3 1 2 3 6 5 7 4 0
0 42 3 1 2 3 6 5 0 7 4
0 42 4 1 2 3 6 0 5 7 4
0 42 4 1 2 3 6 0 5 7 4
0 43 4 1 2 3 0 5 7 4 6
0 43 4 1 0 3 6 5 2 7 4
0 43 4 1 2 3 6 0 5 7 4
0 41 4 1 2 6 4 5 7 0 3
0 42 3 1 2 6 4 5 7 3 0
0 42 3 1 2 6 4 5 0 7 3
0 40 4 5 2 3 4 1 0 7 6
0 42 4 6 2 3 4 0 5 7 1
0 43 3 6 2 3 4 5 0 7 1
0 43 4 1 0 6 4 5 2 7 3
0 43 4 1 2 6 4 0 5 7 3
0 45 3 1 2 6 4 3 5 7 0
0 41 4 5 2 3 4 0 1 7 6
0 42 3 0 2 3 4 5 1 7 6
0 45 2 6 2 3 4 5 1 7 0
0 43 3 5 2 3 4 6 1 7 0
0 48 4 1 2 0 4 3 5 7 6
0 43 4 2 0 3 4 5 1 7 6
0 44 4 4 2 3 0 5 1 7 6
0 45 3 4 2 3 6 5 1 7 0
0 48 4 6 2 0 4 5 1 7 3
0 46 4 0 2 3 4 6 1 7 5
0 49 3 1 2 3 4 6 0 7 5
0 50 2 1 2 3 4 0 6 7 5
0 52 0 1 2 3 4 5 6 7 0
