0 0 0 1 4 5 0 2 7 6 3
0 1 3 1 4 5 3 2 7 6 0
0 2 5 0 4 5 1 2 7 6 3
0 5 4 3 4 5 1 2 7 6 0
0 4 5 0 4 5 3 2 7 6 1
0 4 5 1 4 0 3 2 7 6 5
0 2 5 1 4 5 3 2 7 0 6
0 5 5 4 0 5 3 2 7 6 1
0 7 5 7 4 5 3 2 0 6 1
0 8 4 7 0 5 3 2 4 6 1
0 9 4 0 7 5 3 2 4 6 1
0 12 2 1 7 5 3 2 4 6 0
0 13 3 1 7 5 0 2 4 6 3
0 11 4 3 7 5 0 2 4 6 1
0 12 3 3 7 5 1 2 4 6 0
0 15 4 1 7 0 3 2 4 6 5
0 14 4 1 7 0 5 2 4 6 3
0 15 4 0 7 5 1 2 4 6 3
0 14 4 1 7 5 3 0 4 6 2
0 13 4 1 7 5 3 2 4 0 6
0 16 4 1 7 3 0 2 4 6 5
0 17 3 1 7 3 5 2 4 6 0
0 16 4 1 0 7 3 2 4 6 5
0 17 4 1 0 5 3 7 4 6 2
0 17 4 1 7 5 0 3 4 6 2
0 18 3 1 7 5 2 3 4 6 0
0 15 4 1 0 7 5 2 4 6 3
0 20 4 1 7 5 2 0 4 6 3
0 16 4 7 0 5 1 2 4 6 3
0 16 4 1 7 5 2 0 4 6 3
0 15 4 0 7 5 1 2 4 6 3
0 16 4 1 7 5 6 2 4 0 3
0 17 3 1 7 5 6 2 4 3 0
0 23 4 1 0 5 2 7 4 6 3
0 19 4 1 0 5 2 7 4 6 3
0 18 4 1 7 5 0 2 4 3 6
0 14 5 3 7 5 6 2 4 0 1
0 15 4 3 7 5 6 2 4 1 0
0 20 5 1 7 5 6 3 4 0 2
0 21 4 1 7 5 6 3 4 2 0
0 21 5 0 7 5 2 1 4 6 3
0 24 4 3 7 5 2 1 4 6 0
0 21 5 1 7 5 2 0 4 3 6
0 23 4 1 7 5 2 6 4 3 0
0 16 5 1 4 7 5 2 0 6 3
0 21 5 0 7 5 2 3 4 6 1
0 1 5 1 4 0 5 2 7 6 3
0 19 5 0 7 5 1 3 4 6 2
0 22 4 2 7 5 1 3 4 6 0
0 19 5 1 7 5 2 3 4 0 6
0 15 5 3 7 0 1 2 4 6 5
0 18 5 1 7 0 5 3 4 6 2
0 18 5 0 1 5 3 7 4 6 2
0 21 4 2 1 5 3 7 4 6 0
0 2 5 1 0 4 5 2 7 6 3
0 18 5 1 5 0 3 7 4 6 2
0 16 5 3 0 7 1 2 4 6 5
0 17 4 0 3 7 1 2 4 6 5
0 19 3 1 3 7 0 2 4 6 5
0 20 2 1 3 7 5 2 4 6 0
0 20 2 1 3 0 7 2 4 6 5
0 20 3 5 3 7 1 2 4 6 0
0 23 3 1 3 0 5 2 4 6 7
0 24 2 1 3 5 0 2 4 6 7
0 25 0 1 3 5 7 2 4 6 0
