0 0 0 1 4 5 0 2 7 6 3
0 1 5 1 4 5 3 2 7 6 0
0 2 7 1 4 5 3 2 7 0 6
0 3 8 1 4 5 3 2 0 7 6
0 4 8 1 0 5 3 2 4 7 6
0 5 8 1 5 0 3 2 4 7 6
0 6 6 1 5 7 3 2 4 0 6
0 7 4 1 5 7 3 2 4 6 0
0 6 6 1 5 3 0 2 4 7 6
0 9 4 1 5 3 7 2 4 0 6
0 10 2 1 5 3 7 2 4 6 0
0 11 4 1 5 3 0 2 4 6 7
0 13 6 1 5 0 7 2 4 6 3
0 12 6 1 5 0 3 2 4 6 7
0 14 6 1 5 3 2 0 4 6 7
0 16 4 1 5 3 2 7 4 6 0
0 14 6 1 0 5 7 2 4 6 3
0 13 6 1 0 5 3 2 4 6 7
0 13 6 1 5 6 3 2 4 0 7
0 14 6 1 5 3 6 2 4 0 7
0 14 6 1 5 6 7 2 4 0 3
0 15 4 1 5 6 7 2 4 3 0
0 14 6 1 5 7 0 2 4 6 3
0 10 6 1 5 0 3 2 4 6 7
0 12 6 1 5 3 7 0 4 6 2
0 18 6 1 5 0 7 2 4 3 6
0 15 6 1 5 3 0 7 4 6 2
0 19 6 1 5 7 0 2 4 3 6
0 19 6 1 0 5 7 2 4 3 6
0 20 6 1 5 7 6 2 4 3 0
0 20 6 1 4 5 7 2 0 3 6
0 21 4 1 4 5 7 2 3 0 6
0 22 2 1 4 5 7 2 3 6 0
0 23 4 1 4 5 0 2 3 6 7
0 10 6 1 5 3 7 2 0 4 6
0 22 6 1 4 0 7 2 3 5 6
0 24 6 1 4 5 7 0 3 6 2
0 25 6 1 4 0 7 2 3 6 5
0 24 6 1 4 0 5 2 3 6 7
0 16 6 1 5 6 0 2 4 3 7
0 15 6 1 5 3 6 2 4 7 0
0 8 6 1 5 7 0 2 4 6 3
0 10 6 1 5 0 7 2 4 3 6
0 14 6 1 5 6 3 2 4 7 0
0 15 6 1 4 5 7 2 0 6 3
0 14 6 1 4 5 3 2 0 6 7
0 26 6 1 4 7 0 2 3 6 5
0 27 4 1 4 7 5 2 3 6 0
0 16 6 1 4 5 7 2 6 0 3
0 17 4 1 4 5 7 2 6 3 0
0 15 6 1 4 5 3 2 6 0 7
0 28 6 1 4 7 5 2 3 0 6
0 18 6 1 4 5 0 2 6 3 7
0 16 6 1 4 5 3 2 6 7 0
0 25 6 1 4 6 5 2 3 0 7
0 7 6 1 5 3 6 2 4 7 0
0 26 6 1 4 6 5 2 3 7 0
0 17 6 1 5 3 2 7 4 0 6
0 27 6 1 4 5 0 7 3 6 2
0 28 4 1 4 5 2 7 3 6 0
0 26 6 1 4 6 7 2 3 0 5
0 27 4 1 4 6 7 2 3 5 0
0 29 6 1 4 5 2 7 3 0 6
0 30 6 1 4 5 2 0 3 6 7
0 28 6 1 4 6 0 2 3 5 7
0 17 6 1 5 3 0 7 4 6 2
0 26 6 1 4 5 6 2 3 0 7
0 23 6 1 4 7 0 2 3 5 6
0 27 6 1 4 5 6 2 3 7 0
0 24 6 1 4 7 6 2 3 5 0
0 28 6 1 4 5 0 2 3 7 6
0 26 6 1 4 5 2 0 3 6 7
0 21 7 1 4 5 7 0 2 3 6
0 23 6 1 4 5 7 6 2 3 0
0 33 7 1 0 5 2 4 3 6 7
0 34 5 1 3 5 2 4 0 6 7
0 35 4 1 3 5 2 0 4 6 7
0 37 2 1 3 5 2 7 4 6 0
0 38 2 1 3 5 0 2 4 6 7
0 39 0 1 3 5 7 2 4 6 0
