0 0 0 5 2 3 1 6 4 0 7
5 1 4 5 2 3 1 6 4 7 0
7 1 6 5 2 3 1 6 0 4 7
7 2 5 5 2 3 0 6 4 7 1
7 2 5 5 2 3 1 0 6 4 7
7 3 4 0 2 3 1 5 6 4 7
8 1 7 5 2 0 1 6 4 3 7
8 5 3 1 2 3 0 5 6 4 7
8 3 5 5 2 3 1 0 4 7 6
8 4 4 5 2 3 1 7 6 4 0
8 6 2 1 2 3 7 5 6 4 0
8 4 4 0 2 3 1 5 4 7 6
9 2 7 5 0 3 1 6 2 4 7
9 3 6 5 2 0 3 6 4 7 1
9 6 3 1 2 3 0 5 4 7 6
9 4 5 2 0 3 1 5 6 4 7
9 4 5 0 2 3 1 6 4 7 5
9 4 5 5 2 3 1 4 0 7 6
9 2 7 5 0 2 1 6 4 3 7
9 4 5 0 2 3 5 6 4 7 1
9 6 3 7 2 3 1 5 6 4 0
9 7 2 1 2 3 6 5 4 7 0
9 2 7 5 2 1 0 6 4 3 7
8 3 5 5 2 1 7 6 4 3 0
10 5 5 2 0 3 1 5 4 7 6
10 7 3 6 2 3 1 5 4 7 0
10 4 6 5 2 0 1 6 4 7 3
10 7 3 1 2 3 7 5 6 0 4
10 4 6 5 2 1 7 6 4 0 3
10 3 7 0 5 3 1 6 2 4 7
10 5 5 5 2 3 1 7 6 0 4
10 5 5 5 2 3 0 1 6 4 7
10 5 5 5 2 3 0 7 6 4 1
10 7 3 1 2 3 5 6 4 7 0
10 6 4 1 2 3 0 6 4 7 5
10 3 7 0 5 2 1 6 4 3 7
10 5 5 6 2 3 5 0 4 7 1
10 5 5 5 2 3 6 0 4 7 1
10 6 4 0 2 3 6 5 4 7 1
10 6 4 1 2 0 3 5 6 4 7
10 5 5 6 2 3 1 0 4 7 5
10 3 7 5 3 0 1 6 2 4 7
10 6 4 5 2 3 7 1 6 4 0
10 8 2 1 2 3 4 5 6 0 7
9 9 0 1 2 3 4 5 6 7 0
