0 0 0 4 0 5 1 6 2 3 7
12 1 11 4 2 5 1 6 0 3 7
12 2 10 4 2 5 1 0 6 3 7
13 2 11 4 2 5 1 6 3 0 7
12 3 9 4 2 5 1 6 3 7 0
13 5 8 4 2 5 0 1 6 3 7
13 3 10 0 2 5 1 4 6 3 7
11 5 6 1 2 5 0 4 6 3 7
12 6 6 1 2 5 7 4 6 3 0
12 6 6 1 2 0 5 4 6 3 7
11 7 4 1 2 3 5 4 6 0 7
10 8 2 1 2 3 5 4 6 7 0
13 1 12 0 4 5 1 6 2 3 7
11 3 8 1 4 5 0 6 2 3 7
10 4 6 1 4 5 7 6 2 3 0
13 9 4 1 2 3 0 4 6 7 5
13 4 9 4 2 5 1 7 6 3 0
13 1 12 4 5 0 1 6 2 3 7
12 2 10 4 5 3 1 6 2 0 7
11 3 8 4 5 3 1 6 2 7 0
13 4 9 1 4 0 5 6 2 3 7
12 5 7 1 4 3 5 6 2 0 7
11 6 5 1 4 3 5 6 2 7 0
13 5 8 1 4 5 7 6 2 0 3
13 2 11 4 5 1 0 6 2 3 7
13 6 7 1 4 5 7 0 2 3 6
13 3 10 4 5 1 7 6 2 3 0
13 7 6 1 4 5 7 2 0 3 6
12 8 4 1 4 5 7 2 3 0 6
11 9 2 1 4 5 7 2 3 6 0
14 8 6 1 0 5 7 2 4 3 6
14 4 10 7 4 5 1 6 2 3 0
14 6 8 4 2 0 5 1 6 3 7
13 7 6 4 2 3 5 1 6 0 7
12 8 4 4 2 3 5 1 6 7 0
14 8 6 1 2 3 5 4 0 6 7
14 10 4 1 2 3 5 0 6 7 4
14 6 8 4 2 5 7 1 6 3 0
14 8 6 1 2 5 3 4 6 0 7
13 9 4 1 2 5 3 4 6 7 0
14 7 7 1 4 3 0 6 2 7 5
14 2 12 6 4 5 1 0 2 3 7
14 5 9 1 0 4 5 6 2 3 7
13 6 7 1 2 4 5 6 0 3 7
13 7 6 1 2 4 5 0 6 3 7
14 4 10 4 5 3 0 6 2 7 1
14 7 7 1 2 4 5 6 3 0 7
13 8 5 1 2 4 5 6 3 7 0
14 9 5 1 2 4 5 7 6 3 0
14 10 4 1 2 4 0 5 6 3 7
14 3 11 6 4 5 1 2 0 3 7
13 4 9 6 4 5 1 2 3 0 7
14 4 10 6 4 5 1 7 2 3 0
14 5 9 6 4 5 1 2 3 7 0
14 8 6 1 2 5 4 0 6 3 7
14 6 8 1 4 5 3 6 2 0 7
14 10 4 1 4 5 0 2 3 6 7
14 7 7 1 4 5 3 6 2 7 0
15 4 11 2 4 5 1 6 0 3 7
14 5 9 2 4 5 1 6 3 0 7
15 10 5 1 2 5 4 7 6 3 0
15 6 9 1 4 3 5 6 0 2 7
15 4 11 6 0 5 1 2 4 3 7
15 6 9 2 4 5 1 6 3 7 0
15 3 12 4 2 0 1 6 3 5 7
15 11 4 1 2 4 7 5 6 3 0
15 11 4 1 2 0 4 5 6 3 7
14 12 2 1 2 3 4 5 6 0 7
13 13 0 1 2 3 4 5 6 7 0
