0 0 4 0 5 1 6 2 3 7
2 1 4 2 5 1 6 0 3 7
6 1 4 2 5 1 0 6 3 7
1 3 4 2 5 0 1 6 3 7
4 2 0 2 5 4 1 6 3 7
1 1 1 2 5 4 0 6 3 7
7 2 1 2 5 4 7 6 3 0
5 3 1 2 0 4 7 6 3 5
3 1 1 2 3 4 7 6 0 5
6 1 1 2 3 4 7 0 6 5
7 1 1 2 3 4 0 7 6 5
5 2 1 2 3 4 5 7 6 0
6 1 1 2 3 4 5 7 0 6
7 1 1 2 3 4 5 0 7 6
2 1 1 0 3 4 5 2 7 6
1 1 0 1 3 4 5 2 7 6
2 3 2 1 3 4 5 0 7 6
1 1 2 0 3 4 5 1 7 6
2 1 0 2 3 4 5 1 7 6
5 1 5 2 3 4 0 1 7 6
6 2 5 2 3 4 6 1 7 0
5 3 0 2 3 4 6 1 7 5
1 3 1 2 3 4 6 0 7 5
6 1 1 2 3 4 0 6 7 5
5 2 1 2 3 4 5 6 7 0
39 0.012504100799560547