0 0 0 4 0 5 1 6 2 3 7
0 1 7 4 2 5 1 6 0 3 7
0 2 6 4 2 5 1 0 6 3 7
0 4 5 4 2 5 1 7 6 3 0
0 5 6 4 0 5 1 2 6 3 7
0 5 6 4 2 5 0 1 6 3 7
0 6 5 4 2 5 7 1 6 3 0
0 7 5 0 2 5 4 1 6 3 7
0 8 4 1 2 5 4 0 6 3 7
0 10 3 1 2 5 4 7 6 3 0
0 10 4 7 2 5 4 1 6 3 0
0 11 4 1 2 5 4 7 6 0 3
0 13 4 1 2 0 4 7 6 3 5
0 14 3 1 2 3 4 7 6 0 5
0 15 2 1 2 3 4 7 6 5 0
0 17 3 1 2 3 4 0 6 5 7
0 12 4 1 2 0 4 7 6 5 3
0 15 4 1 2 3 4 7 0 6 5
0 20 4 1 2 3 0 4 6 5 7
0 21 3 1 2 3 7 4 6 5 0
0 18 4 0 2 3 4 7 6 5 1
0 16 4 1 2 3 4 0 7 6 5
0 18 2 1 2 3 4 5 7 6 0
0 19 3 1 2 3 4 5 7 0 6
0 20 2 1 2 3 4 5 0 7 6
0 21 3 1 0 3 4 5 2 7 6
0 21 3 1 2 3 4 0 5 7 6
0 23 2 1 2 3 4 6 5 7 0
0 19 4 7 2 3 4 0 6 5 1
0 21 3 7 2 3 4 1 6 5 0
0 22 4 0 1 3 4 5 2 7 6
0 25 3 6 1 3 4 5 2 7 0
0 24 4 1 2 3 0 4 5 7 6
0 25 3 1 2 3 6 4 5 7 0
0 22 4 0 2 3 4 1 5 7 6
0 25 3 6 2 3 4 1 5 7 0
0 21 4 1 2 0 4 5 7 6 3
0 20 4 1 2 0 4 5 7 3 6
0 22 4 1 3 0 4 5 2 7 6
0 19 4 1 2 3 0 5 7 6 4
0 25 4 2 1 3 4 5 0 7 6
0 22 4 1 2 3 6 5 7 0 4
0 23 3 1 2 3 6 5 7 4 0
0 23 3 1 2 3 6 5 0 7 4
0 26 4 2 0 3 4 5 1 7 6
0 27 3 0 2 3 4 5 1 7 6
0 30 2 6 2 3 4 5 1 7 0
0 24 4 1 2 3 0 5 7 4 6
0 24 4 1 0 3 6 5 2 7 4
0 24 4 1 2 3 6 0 5 7 4
0 28 4 5 2 3 4 0 1 7 6
0 30 3 5 2 3 4 6 1 7 0
0 31 4 6 2 3 0 5 1 7 4
0 27 4 1 2 3 0 6 5 7 4
0 29 4 5 2 3 4 1 0 7 6
0 33 4 0 2 3 4 6 1 7 5
0 36 3 1 2 3 4 6 0 7 5
0 37 2 1 2 3 4 0 6 7 5
0 39 0 1 2 3 4 5 6 7 0
