0 0 0 0 2 3 4 5 7 6 1
5 3 2 1 2 3 4 5 7 6 0
8 4 4 1 2 3 0 5 7 6 4
8 4 4 1 2 3 4 5 7 0 6
9 1 8 5 2 3 4 0 7 6 1
7 3 4 5 2 3 4 1 7 6 0
9 5 4 1 2 3 4 5 0 7 6
10 2 8 4 2 3 0 5 7 6 1
9 3 6 4 2 3 1 5 7 6 0
10 4 6 5 2 3 0 1 7 6 4
10 1 9 2 0 3 4 5 7 6 1
10 4 6 5 2 3 4 1 7 0 6
11 5 6 1 2 3 4 0 7 6 5
11 2 9 2 7 3 4 5 0 6 1
10 3 7 2 7 3 4 5 6 0 1
10 4 6 2 7 3 4 5 6 1 0
11 2 9 5 2 3 4 7 0 6 1
10 3 7 5 2 3 4 7 6 0 1
10 4 6 5 2 3 4 7 6 1 0
11 5 6 5 2 3 4 1 0 7 6
11 2 9 2 3 0 4 5 7 6 1
11 5 6 1 2 0 4 5 7 3 6
11 6 5 1 2 3 4 0 5 7 6
10 8 2 1 2 3 4 6 5 7 0
11 5 6 1 2 0 3 5 7 6 4
12 6 6 1 0 3 4 5 2 7 6
12 4 8 5 2 3 0 4 7 6 1
11 5 6 5 2 3 1 4 7 6 0
12 6 6 1 2 0 4 5 7 6 3
12 6 6 1 2 6 3 5 7 0 4
12 4 8 4 2 3 1 5 7 0 6
12 3 9 2 3 6 4 5 7 0 1
12 3 9 2 3 4 0 5 7 6 1
11 4 7 2 3 4 1 5 7 6 0
12 6 6 1 2 4 0 5 7 3 6
12 7 5 1 2 3 6 5 7 0 4
12 3 9 7 2 3 4 5 0 6 1
11 4 7 7 2 3 4 5 6 0 1
11 5 6 7 2 3 4 5 6 1 0
12 4 8 2 3 6 4 5 7 1 0
12 7 5 1 2 4 6 5 7 3 0
13 6 7 1 2 3 4 7 0 6 5
12 7 5 1 2 3 4 7 6 0 5
12 8 4 1 2 3 4 7 6 5 0
13 7 6 1 2 6 3 5 7 4 0
13 7 6 1 2 4 0 5 7 6 3
12 8 4 1 2 4 3 5 7 6 0
13 5 8 5 2 0 4 1 7 3 6
13 7 6 1 3 0 4 5 2 7 6
13 5 8 5 2 0 3 1 7 6 4
13 9 4 1 2 3 4 6 5 0 7
13 9 4 1 2 3 0 6 5 7 4
13 7 6 1 2 6 4 5 7 0 3
12 8 4 1 2 6 4 5 7 3 0
13 3 10 2 7 3 4 0 5 6 1
11 5 6 2 7 3 4 1 5 6 0
13 6 7 5 2 3 4 0 1 7 6
12 8 4 5 2 3 4 6 1 7 0
13 7 6 1 2 6 3 5 0 7 4
13 4 9 2 3 6 4 5 0 7 1
13 7 6 1 2 3 5 0 7 6 4
13 6 7 5 2 3 4 0 6 1 7
13 8 5 1 2 3 6 5 7 4 0
13 8 5 1 2 3 6 5 0 7 4
13 4 9 2 7 0 4 5 6 3 1
13 3 10 4 2 0 3 5 7 6 1
13 9 4 1 2 3 5 4 7 6 0
13 5 8 5 2 3 0 7 6 1 4
13 4 9 5 2 0 4 7 6 3 1
13 5 8 2 7 3 0 5 6 1 4
13 5 8 4 2 3 1 5 0 7 6
14 6 8 0 2 3 4 1 7 6 5
14 8 6 1 2 3 0 4 7 6 5
14 7 7 0 2 3 4 5 6 1 7
14 7 7 5 2 3 6 1 7 0 4
14 7 7 0 2 3 4 5 1 7 6
14 6 8 5 2 3 1 4 7 0 6
14 6 8 2 7 3 4 1 5 0 6
14 6 8 2 7 3 0 1 5 6 4
14 6 8 5 2 0 4 1 7 6 3
14 7 7 0 1 3 4 5 2 7 6
14 6 8 0 2 3 5 1 7 6 4
14 6 8 0 2 3 4 1 7 6 5
14 8 6 1 2 6 4 5 0 7 3
14 6 8 5 2 4 0 1 7 3 6
14 8 6 1 3 7 4 5 2 0 6
13 9 4 1 3 7 4 5 2 6 0
14 6 8 5 2 6 3 1 7 0 4
14 8 6 1 3 4 0 5 2 7 6
14 6 8 0 2 3 1 5 7 6 4
14 6 8 1 0 2 3 5 7 6 4
14 6 8 1 0 2 4 5 7 3 6
14 7 7 0 2 3 4 1 5 7 6
14 9 5 1 3 4 6 5 2 7 0
14 9 5 1 2 3 0 4 5 7 6
14 6 8 5 0 3 4 1 2 7 6
14 10 4 6 2 3 4 1 5 7 0
14 7 7 5 2 4 6 1 7 3 0
14 10 4 1 2 3 6 4 5 7 0
14 10 4 6 1 3 4 5 2 7 0
14 4 10 7 2 3 4 0 5 6 1
12 6 6 7 2 3 4 1 5 6 0
14 5 9 7 2 0 4 5 6 3 1
14 6 8 7 2 3 0 5 6 1 4
14 10 4 6 2 3 4 5 1 7 0
14 3 11 5 0 3 4 7 2 6 1
14 5 9 4 2 3 6 5 7 0 1
14 6 8 0 2 3 1 5 7 6 4
14 6 8 4 2 3 6 5 7 1 0
14 5 9 2 3 4 1 5 7 0 6
14 5 9 5 2 4 0 7 6 3 1
13 6 7 5 2 4 1 7 6 3 0
14 5 9 2 7 4 0 5 6 3 1
13 6 7 2 7 4 1 5 6 3 0
14 5 9 2 0 7 4 5 6 3 1
14 4 10 4 2 6 3 5 7 0 1
14 6 8 0 2 7 4 5 6 3 1
11 9 2 1 2 7 4 5 6 3 0
14 5 9 4 2 6 3 5 7 1 0
14 10 4 1 2 7 0 5 6 3 4
14 10 4 1 2 7 4 5 6 0 3
15 4 11 5 0 3 4 2 7 6 1
15 9 6 5 2 3 0 6 1 7 4
15 8 7 1 2 6 3 0 5 7 4
15 6 9 2 6 7 4 5 0 3 1
15 11 4 1 2 0 4 5 6 7 3
15 5 10 4 2 6 3 5 0 7 1
15 7 8 5 2 7 4 0 6 3 1
13 9 4 5 2 7 4 1 6 3 0
15 8 7 1 2 3 5 7 0 6 4
14 9 5 1 2 3 5 7 6 0 4
15 7 8 5 2 3 1 0 7 6 4
15 6 9 2 3 4 1 5 0 7 6
15 5 10 5 2 0 3 4 7 6 1
15 7 8 1 0 2 4 5 7 6 3
15 5 10 4 2 0 1 5 7 3 6
15 9 6 1 2 6 0 5 7 3 4
15 4 11 5 3 0 4 7 2 6 1
15 6 9 4 2 3 6 5 0 7 1
15 7 8 5 2 3 1 0 7 6 4
15 7 8 5 2 3 1 0 7 6 4
15 6 9 7 2 4 0 5 6 3 1
14 7 7 7 2 4 1 5 6 3 0
15 7 8 7 2 3 4 1 5 0 6
15 9 6 1 2 4 3 5 7 0 6
15 5 10 0 2 3 4 7 5 6 1
12 8 4 1 2 3 4 7 5 6 0
15 7 8 5 3 0 4 1 2 7 6
15 7 8 1 7 2 3 5 0 6 4
14 8 6 1 7 2 3 5 6 0 4
15 7 8 1 7 2 4 5 0 3 6
15 10 5 1 2 3 4 0 6 5 7
15 9 6 1 2 3 0 7 6 5 4
15 7 8 5 2 6 3 1 7 4 0
15 8 7 1 2 0 4 7 6 3 5
15 5 10 4 2 3 1 0 7 6 5
15 8 7 5 1 3 4 0 2 7 6
14 10 4 5 1 3 4 6 2 7 0
15 7 8 5 2 4 0 1 7 6 3
14 8 6 5 2 4 3 1 7 6 0
15 8 7 1 2 4 6 5 7 0 3
15 7 8 5 2 3 1 0 7 6 4
15 7 8 7 2 3 0 1 5 6 4
15 8 7 5 2 3 6 1 7 4 0
15 7 8 5 2 6 4 1 7 0 3
14 8 6 5 2 6 4 1 7 3 0
15 5 10 2 3 6 0 5 7 1 4
15 5 10 4 2 3 5 0 7 6 1
13 7 6 4 2 3 5 1 7 6 0
15 10 5 1 2 3 4 0 5 6 7
15 9 6 1 2 3 4 7 5 0 6
15 9 6 5 2 3 4 6 1 0 7
15 11 4 1 2 3 4 5 0 6 7
14 12 2 1 2 3 4 5 6 0 7
13 13 0 1 2 3 4 5 6 7 0
