0 0 0 0 2 3 4 5 7 6 1
0 3 2 1 2 3 4 5 7 6 0
0 4 3 1 2 3 4 5 7 0 6
0 5 2 1 2 3 4 5 0 7 6
0 6 3 1 0 3 4 5 2 7 6
0 6 3 1 2 3 4 0 5 7 6
0 8 2 1 2 3 4 6 5 7 0
0 6 4 1 2 0 4 5 7 6 3
0 9 4 1 2 3 0 4 5 7 6
0 10 3 1 2 3 6 4 5 7 0
0 9 4 1 2 3 4 6 5 0 7
0 11 4 1 2 0 4 6 5 7 3
0 7 4 0 1 3 4 5 2 7 6
0 10 3 6 1 3 4 5 2 7 0
0 9 4 1 0 3 4 2 5 7 6
0 10 4 1 2 3 4 6 0 5 7
0 11 3 1 2 3 4 0 6 5 7
0 13 2 1 2 3 4 7 6 5 0
0 14 3 1 2 3 4 7 6 0 5
0 10 4 2 1 3 4 5 0 7 6
0 7 4 0 2 3 4 1 5 7 6
0 10 3 6 2 3 4 1 5 7 0
0 12 4 1 2 3 6 0 5 7 4
0 13 3 1 2 3 6 5 0 7 4
0 10 4 5 2 3 4 1 0 7 6
0 12 4 6 2 3 4 0 5 7 1
0 13 3 6 2 3 4 5 0 7 1
0 14 4 1 2 3 6 5 7 0 4
0 15 3 1 2 3 6 5 7 4 0
0 11 4 5 2 3 4 0 1 7 6
0 12 3 0 2 3 4 5 1 7 6
0 15 2 6 2 3 4 5 1 7 0
0 13 3 5 2 3 4 6 1 7 0
0 14 4 6 0 3 4 5 2 7 1
0 14 4 6 2 3 4 5 7 0 1
0 15 3 6 2 3 4 5 7 1 0
0 18 4 6 2 0 4 5 1 7 3
0 15 4 0 6 3 4 5 2 7 1
0 18 2 1 6 3 4 5 2 7 0
0 15 4 1 2 3 0 6 5 7 4
0 14 4 1 0 3 6 5 2 7 4
0 18 4 2 6 3 4 5 0 7 1
0 19 3 2 0 3 4 5 6 7 1
0 20 2 0 2 3 4 5 6 7 1
0 23 0 1 2 3 4 5 6 7 0
