0 0 0 0 2 3 4 5 7 6 1
0 3 2 1 2 3 4 5 7 6 0
0 4 4 1 2 3 0 5 7 6 4
0 4 4 1 2 3 4 5 7 0 6
0 5 4 1 2 3 4 5 0 7 6
0 7 5 1 2 3 6 5 7 0 4
0 6 5 1 2 3 4 0 5 7 6
0 8 2 1 2 3 4 6 5 7 0
0 9 4 1 2 3 0 6 5 7 4
0 9 4 1 2 3 4 6 5 0 7
0 8 5 1 2 3 6 5 0 7 4
0 8 5 1 2 3 6 5 7 4 0
0 9 5 1 2 3 0 4 5 7 6
0 10 4 1 2 3 6 4 5 7 0
0 5 6 1 2 3 4 0 7 6 5
0 6 6 1 0 3 4 5 2 7 6
0 9 6 1 2 3 6 0 5 7 4
0 9 6 1 2 3 0 5 7 4 6
0 12 6 1 2 3 7 6 5 0 4
0 10 6 1 2 0 4 6 5 3 7
0 7 6 1 2 3 5 0 7 6 4
0 9 4 1 2 3 5 4 7 6 0
0 5 6 1 2 0 4 5 7 3 6
0 10 6 1 2 3 0 4 7 6 5
0 10 6 1 2 3 5 4 7 0 6
0 6 6 1 2 4 0 5 7 3 6
0 7 5 1 2 4 6 5 7 3 0
0 11 6 1 2 3 5 4 0 7 6
0 9 6 1 2 4 3 5 7 0 6
0 10 4 1 2 4 3 5 7 6 0
0 12 6 1 2 3 6 0 5 7 4
0 11 6 1 2 4 0 6 5 3 7
0 11 6 1 2 0 4 6 5 7 3
0 10 6 1 2 0 3 6 5 7 4
0 13 6 1 2 3 7 6 5 4 0
0 13 6 1 2 0 3 5 7 6 4
0 6 6 1 2 0 4 5 7 6 3
0 10 6 1 2 3 4 6 0 5 7
0 11 5 1 2 3 4 0 6 5 7
0 13 4 1 2 3 4 7 6 5 0
0 14 5 1 2 3 0 4 6 5 7
0 17 4 1 2 3 5 4 6 0 7
0 18 2 1 2 3 5 4 6 7 0
0 19 4 1 2 3 0 4 6 7 5
0 20 4 1 2 3 5 0 6 7 4
0 23 2 1 2 3 0 5 6 7 4
0 24 0 1 2 3 4 5 6 7 0
