0 0 0 2 5 4 7 3 1 6 0
8 1 7 2 5 4 0 3 1 6 7
8 2 6 2 5 4 7 0 1 6 3
8 1 7 2 5 4 7 3 1 0 6
8 3 5 0 5 4 7 2 1 6 3
9 3 6 2 5 0 7 3 1 6 4
9 2 7 2 5 4 7 3 0 1 6
9 4 5 5 0 4 7 2 1 6 3
9 4 5 2 0 5 7 3 1 6 4
9 2 7 2 5 0 4 3 1 6 7
9 2 7 2 5 0 7 3 1 4 6
9 3 6 2 5 4 7 1 0 6 3
9 3 6 2 0 5 4 3 1 6 7
9 3 6 2 0 5 7 3 1 4 6
9 3 6 0 5 4 7 3 1 6 2
10 6 4 1 5 4 7 2 0 6 3
10 3 7 0 5 4 2 3 1 6 7
10 6 4 3 5 4 7 2 1 6 0
10 4 6 5 0 4 7 3 1 6 2
10 4 6 2 1 5 7 3 0 4 6
10 4 6 3 5 4 7 0 1 6 2
10 4 6 0 2 5 7 3 1 4 6
10 5 5 5 4 0 7 2 1 6 3
10 4 6 2 0 4 7 1 5 6 3
10 4 6 2 1 5 4 3 0 6 7
10 4 6 0 2 5 4 3 1 6 7
10 3 7 2 5 6 4 3 1 0 7
9 4 5 2 5 6 4 3 1 7 0
10 5 5 0 2 5 7 3 1 6 4
10 3 7 2 5 4 7 0 3 1 6
10 5 5 2 1 5 7 3 0 6 4
10 4 6 0 5 4 7 2 3 1 6
10 5 5 5 1 4 7 2 0 6 3
10 5 5 2 1 5 7 3 4 0 6
9 6 3 2 1 5 7 3 4 6 0
10 3 7 2 0 4 7 3 5 1 6
11 4 7 3 5 4 2 0 1 6 7
11 5 6 2 1 5 7 0 3 4 6
11 6 5 2 1 5 7 0 3 6 4
11 5 6 5 0 4 7 2 3 1 6
11 4 7 5 0 4 2 3 1 6 7
11 4 7 2 5 4 3 0 1 6 7
11 5 6 2 5 4 7 6 3 1 0
11 7 4 1 0 4 7 2 5 6 3
11 4 7 2 5 6 7 3 1 0 4
11 6 5 1 5 4 7 3 0 6 2
11 5 6 5 4 0 7 3 1 6 2
11 6 5 3 2 5 7 0 1 6 4
11 5 6 7 5 4 0 2 1 6 3
11 4 7 2 5 6 4 3 0 1 7
11 5 6 2 1 5 4 0 3 6 7
11 5 6 3 2 5 4 0 1 6 7
11 6 5 0 1 5 4 2 3 6 7
11 5 6 2 4 0 7 1 5 6 3
11 7 4 1 0 5 4 2 3 6 7
11 6 5 7 5 4 3 2 1 6 0
11 8 3 1 3 5 4 2 0 6 7
11 5 6 2 1 5 4 3 6 0 7
10 6 4 2 1 5 4 3 6 7 0
11 3 8 2 5 7 0 3 1 4 6
11 5 6 0 2 4 7 1 5 6 3
11 4 7 2 5 7 6 3 1 4 0
11 6 5 1 2 4 7 0 5 6 3
11 5 6 2 5 6 7 3 1 4 0
11 5 6 3 2 5 7 0 1 4 6
11 5 6 0 5 4 3 2 1 6 7
11 5 6 2 0 4 7 5 1 6 3
11 5 6 3 5 4 7 1 0 6 2
11 6 5 5 3 4 7 2 0 1 6
11 5 6 5 1 4 7 3 0 6 2
11 7 4 0 1 5 7 2 3 6 4
11 6 5 0 1 5 7 2 3 4 6
11 4 7 2 5 4 7 1 6 0 3
11 4 7 2 4 0 7 3 5 1 6
11 4 7 0 2 4 7 3 5 1 6
11 8 3 1 0 5 7 2 3 6 4
11 5 6 2 5 4 7 1 6 3 0
11 7 4 1 0 5 7 2 3 4 6
11 4 7 2 5 7 0 3 1 6 4
11 9 2 1 3 5 7 2 0 6 4
11 8 3 1 3 5 7 2 0 4 6
11 5 6 2 5 7 4 3 1 6 0
11 9 2 1 3 5 7 2 4 0 6
10 10 0 1 3 5 7 2 4 6 0
