0 0 0 2 5 4 7 3 1 6 0
0 2 6 2 5 4 7 0 1 6 3
0 3 5 0 5 4 7 2 1 6 3
0 6 4 1 5 4 7 2 0 6 3
0 6 4 3 5 4 7 2 1 6 0
0 7 4 1 0 4 7 2 5 6 3
0 8 4 1 4 0 7 2 5 6 3
0 7 5 1 5 4 7 0 2 6 3
0 9 4 1 5 4 7 3 2 6 0
0 8 5 0 1 4 7 2 5 6 3
0 11 4 3 1 4 7 2 5 6 0
0 12 5 1 5 0 7 3 2 6 4
0 13 4 1 0 5 7 3 2 6 4
0 14 4 1 2 5 7 3 0 6 4
0 15 4 1 2 5 7 0 3 6 4
0 17 3 1 2 5 7 4 3 6 0
0 18 3 1 0 5 7 2 3 6 4
0 19 2 1 3 5 7 2 0 6 4
0 20 3 1 3 5 7 2 6 0 4
0 21 2 1 3 5 7 2 6 4 0
0 20 3 1 3 5 7 0 2 6 4
0 22 2 1 3 5 7 4 2 6 0
0 19 4 1 5 0 7 2 3 6 4
0 23 4 1 3 5 0 7 2 6 4
0 24 3 1 3 5 4 7 2 6 0
0 23 4 1 3 5 0 4 2 6 7
0 25 4 1 3 0 7 4 2 6 5
0 26 4 1 3 5 4 0 2 6 7
0 27 3 1 3 5 4 2 0 6 7
0 23 4 1 3 5 7 4 2 0 6
0 25 4 0 3 5 7 4 2 6 1
0 26 4 1 3 5 4 0 2 6 7
0 22 4 1 3 5 0 2 6 4 7
0 24 4 0 3 5 7 2 6 4 1
0 24 4 1 3 0 7 2 6 4 5
0 21 4 0 3 5 7 1 2 6 4
0 24 3 4 3 5 7 1 2 6 0
0 23 4 1 3 5 7 0 6 4 2
0 21 4 1 3 0 7 2 6 5 4
0 24 4 2 3 5 7 1 0 6 4
0 26 4 4 3 5 7 0 2 6 1
0 27 3 4 3 5 7 2 0 6 1
0 24 4 1 3 5 7 6 0 4 2
0 25 3 1 3 5 7 6 4 0 2
0 26 2 1 3 5 7 6 4 2 0
0 28 3 1 3 5 7 0 4 2 6
0 25 4 2 3 5 7 0 1 6 4
0 26 3 0 3 5 7 2 1 6 4
0 29 2 4 3 5 7 2 1 6 0
0 27 3 2 3 5 7 4 1 6 0
0 26 4 1 3 0 7 6 4 5 2
0 27 4 1 3 5 0 6 4 2 7
0 30 4 0 3 5 7 4 1 6 2
0 33 3 1 3 5 7 4 0 6 2
0 34 2 1 3 5 7 0 4 6 2
0 36 0 1 3 5 7 2 4 6 0
