0 0 0 1 6 3 4 2 7 0 5
5 1 4 1 6 3 4 2 7 5 0
5 1 4 1 6 3 4 2 0 7 5
5 2 3 1 0 3 4 2 6 7 5
6 2 4 1 6 3 4 0 2 7 5
6 4 2 1 6 3 4 5 2 7 0
7 3 4 1 3 0 4 2 6 7 5
7 1 6 1 6 0 4 2 7 3 5
7 3 4 0 1 3 4 2 6 7 5
8 2 6 1 6 3 0 2 7 5 4
8 2 6 1 6 4 0 2 7 3 5
8 3 5 1 6 3 4 0 7 5 2
8 3 5 0 6 3 4 1 2 7 5
8 3 5 1 6 4 5 2 7 3 0
8 2 6 1 0 6 4 2 7 3 5
8 4 4 2 1 3 4 0 6 7 5
8 6 2 2 1 3 4 5 6 7 0
9 4 5 1 3 4 0 2 6 7 5
9 4 5 6 0 3 4 1 2 7 5
9 5 4 1 6 3 4 5 2 0 7
9 4 5 1 6 3 4 7 0 5 2
9 4 5 1 3 7 4 2 6 0 5
9 5 4 1 6 3 0 5 2 7 4
9 5 4 1 3 7 4 2 0 6 5
9 5 4 6 2 3 4 1 0 7 5
9 5 4 1 0 3 4 7 6 5 2
9 5 4 1 3 7 4 2 6 5 0
9 5 4 1 3 4 5 2 6 7 0
9 5 4 1 0 3 4 6 2 7 5
9 6 3 5 1 3 4 2 6 7 0
9 6 3 1 2 3 4 6 0 7 5
9 3 6 1 6 0 3 2 7 5 4
9 3 6 1 7 6 4 2 0 3 5
9 7 2 1 2 3 4 0 6 7 5
9 4 5 1 6 5 3 2 7 0 4
9 9 0 1 2 3 4 5 6 7 0
