0 0 0 1 6 3 4 2 7 0 5
0 1 6 1 6 3 4 2 7 5 0
0 1 7 1 6 3 4 2 0 7 5
0 2 6 1 6 3 4 0 2 7 5
0 4 2 1 6 3 4 5 2 7 0
0 5 4 1 6 3 0 5 2 7 4
0 5 4 1 6 3 4 5 2 0 7
0 7 6 1 6 0 4 5 2 7 3
0 8 6 1 6 3 5 0 2 7 4
0 10 4 1 6 3 5 4 2 7 0
0 6 6 1 6 3 4 5 0 2 7
0 6 6 1 6 0 3 5 2 7 4
0 7 6 1 0 3 4 5 6 2 7
0 7 6 1 6 7 3 5 2 0 4
0 8 6 1 3 0 4 5 6 2 7
0 9 4 1 3 2 4 5 6 0 7
0 10 2 1 3 2 4 5 6 7 0
0 11 4 1 3 2 0 5 6 7 4
0 8 6 1 6 7 3 5 2 4 0
0 9 6 1 3 4 0 5 6 2 7
0 10 6 1 3 2 4 5 0 6 7
0 13 6 1 3 0 4 5 6 7 2
0 14 6 1 3 2 7 5 6 0 4
0 5 6 1 6 3 0 4 2 7 5
0 11 6 1 6 3 0 4 2 7 5
0 11 6 1 6 3 5 4 2 0 7
0 14 6 1 0 3 4 5 6 7 2
0 15 6 1 3 2 7 5 6 4 0
0 15 6 1 6 3 4 5 0 7 2
0 16 6 1 3 2 0 5 6 4 7
0 16 6 1 6 3 4 5 7 0 2
0 17 4 1 6 3 4 5 7 2 0
0 14 6 1 3 7 4 5 6 0 2
0 15 4 1 3 7 4 5 6 2 0
0 18 6 1 6 3 0 5 7 2 4
0 10 6 1 3 4 7 5 6 2 0
0 12 6 1 3 4 2 5 6 0 7
0 13 4 1 3 4 2 5 6 7 0
0 14 6 1 3 4 0 5 6 7 2
0 8 6 1 6 4 0 5 2 7 3
0 9 4 1 6 4 3 5 2 7 0
0 14 6 1 3 2 5 0 6 7 4
0 16 4 1 3 2 5 4 6 7 0
0 14 6 1 3 4 0 5 6 7 2
0 10 6 1 6 4 3 5 2 0 7
0 17 6 1 3 2 0 4 6 7 5
0 17 6 1 3 2 5 4 6 0 7
0 20 6 1 3 2 4 0 6 7 5
0 16 6 1 3 0 2 5 6 7 4
0 8 6 1 6 3 7 5 2 0 4
0 17 6 1 3 7 2 5 6 0 4
0 17 6 1 0 3 2 5 6 7 4
0 9 6 1 6 3 7 5 2 4 0
0 18 6 1 3 7 2 5 6 4 0
0 18 6 1 6 3 2 5 0 7 4
0 10 6 1 6 3 0 5 2 4 7
0 19 6 1 6 3 2 5 7 0 4
0 8 6 1 6 7 4 5 2 0 3
0 9 4 1 6 7 4 5 2 3 0
0 20 6 1 6 3 2 5 7 4 0
0 10 6 1 6 7 0 5 2 3 4
0 12 6 1 6 0 4 5 2 3 7
0 21 6 1 6 3 2 5 7 0 4
0 13 6 1 6 4 0 5 2 3 7
0 12 6 1 3 0 2 5 6 7 4
0 14 6 1 6 4 7 5 2 3 0
0 6 6 1 6 0 4 5 2 3 7
0 12 6 1 3 2 4 0 6 7 5
0 16 6 1 3 7 0 5 6 2 4
0 19 7 1 6 3 2 0 5 7 4
0 21 5 1 6 3 2 4 5 7 0
0 22 6 1 6 3 0 2 5 7 4
0 23 4 1 6 3 4 2 5 7 0
0 24 6 1 6 3 4 2 5 0 7
0 8 7 0 1 3 4 5 6 2 7
0 11 6 7 1 3 4 5 6 2 0
0 11 7 1 3 2 4 0 5 6 7
0 13 6 1 3 2 4 7 5 6 0
0 20 7 1 3 2 7 4 6 0 5
0 21 5 1 3 2 7 4 6 5 0
0 21 7 1 3 2 4 6 0 7 5
0 18 7 1 3 2 5 4 0 6 7
0 19 6 1 3 2 5 0 4 6 7
0 21 4 1 3 2 5 7 4 6 0
0 22 6 1 3 2 0 5 4 6 7
0 23 4 1 3 2 7 5 4 6 0
0 22 6 1 3 2 0 7 4 6 5
0 22 6 1 3 2 5 7 4 0 6
0 24 6 1 3 0 5 7 4 6 2
0 25 4 1 3 5 0 7 4 6 2
0 26 2 1 3 5 2 7 4 6 0
0 28 4 1 3 5 7 0 4 6 2
0 30 0 1 3 5 7 2 4 6 0
