0 0 0 1 6 7 0 2 4 5 3
0 1 4 1 6 7 3 2 4 5 0
0 1 4 1 6 0 7 2 4 5 3
0 2 3 1 6 5 7 2 4 0 3
0 3 2 1 6 5 7 2 4 3 0
0 2 4 1 0 6 7 2 4 5 3
0 6 4 0 6 5 7 2 4 3 1
0 6 4 1 6 0 7 2 4 3 5
0 7 4 6 0 5 7 2 4 3 1
0 3 4 1 6 5 7 2 0 4 3
0 4 4 1 6 5 0 2 4 3 7
0 5 4 1 6 5 7 0 4 3 2
0 7 4 1 6 5 3 2 4 0 7
0 8 3 1 6 5 3 2 4 7 0
0 8 4 1 0 5 7 6 4 3 2
0 9 4 1 6 5 0 2 4 7 3
0 4 4 1 0 5 7 2 6 4 3
0 7 4 1 6 3 7 2 4 0 5
0 8 3 1 6 3 7 2 4 5 0
0 7 4 1 0 6 7 2 4 3 5
0 9 5 4 6 5 7 2 0 3 1
0 10 5 1 6 5 3 0 4 7 2
0 11 5 0 6 5 3 2 4 7 1
0 11 5 1 6 0 3 2 4 7 5
0 11 5 0 6 3 7 2 4 5 1
0 8 5 0 1 6 7 2 4 3 5
0 11 4 5 1 6 7 2 4 3 0
0 13 5 1 6 5 0 3 4 7 2
0 14 4 1 6 5 2 3 4 7 0
0 16 4 1 6 5 7 3 4 0 2
0 17 3 1 6 5 7 3 4 2 0
0 19 4 1 6 5 7 0 4 2 3
0 22 4 1 0 5 7 6 4 2 3
0 15 5 1 6 5 2 3 4 0 7
0 17 5 1 6 5 7 3 0 4 2
0 20 5 1 6 0 7 3 4 2 5
0 22 5 1 6 5 0 7 4 2 3
0 23 4 1 6 5 3 7 4 2 0
0 12 5 1 0 6 3 2 4 7 5
0 12 5 5 1 6 7 2 4 0 3
0 13 4 5 1 0 7 2 4 6 3
0 14 4 5 0 1 7 2 4 6 3
0 15 4 0 5 1 7 2 4 6 3
0 18 3 3 5 1 7 2 4 6 0
0 21 4 3 5 0 7 2 4 6 1
0 22 3 3 0 5 7 2 4 6 1
0 23 2 0 3 5 7 2 4 6 1
0 26 0 1 3 5 7 2 4 6 0
