0 0 0 1 6 7 0 2 4 5 3
0 1 6 1 6 7 3 2 4 5 0
0 1 8 1 6 0 7 2 4 5 3
0 2 6 1 6 5 7 2 4 0 3
0 3 4 1 6 5 7 2 4 3 0
0 4 6 1 6 5 0 2 4 3 7
0 7 6 1 6 5 3 2 4 0 7
0 8 6 1 6 5 3 2 4 7 0
0 7 8 1 6 5 2 0 4 3 7
0 9 6 1 6 5 2 7 4 3 0
0 8 8 1 6 5 3 2 0 4 7
0 10 8 1 6 5 0 7 4 3 2
0 10 8 1 6 5 2 7 4 0 3
0 9 8 1 0 5 3 2 6 4 7
0 13 8 1 6 5 7 0 4 3 2
0 13 8 1 6 5 3 7 4 0 2
0 14 7 1 6 5 3 7 4 2 0
0 2 8 1 0 6 7 2 4 5 3
0 3 8 1 6 5 7 2 0 4 3
0 5 8 1 6 5 7 0 4 3 2
0 3 8 1 4 6 7 2 0 5 3
0 4 8 1 0 5 7 2 6 4 3
0 5 8 1 6 0 5 2 4 3 7
0 6 6 1 6 3 5 2 4 0 7
0 7 6 1 6 3 5 2 4 7 0
0 7 8 1 6 3 5 2 0 4 7
0 8 8 1 6 3 0 2 4 7 5
0 11 6 1 6 3 7 2 4 0 5
0 12 4 1 6 3 7 2 4 5 0
0 13 6 1 6 3 0 2 4 5 7
0 8 8 1 0 3 5 2 6 4 7
0 9 6 1 3 0 5 2 6 4 7
0 10 4 1 3 5 0 2 6 4 7
0 11 2 1 3 5 7 2 6 4 0
0 12 4 1 3 5 7 2 6 0 4
0 13 4 1 3 5 7 2 0 6 4
0 13 5 1 3 5 4 2 6 0 7
0 14 5 1 3 5 7 0 2 6 4
0 16 2 1 3 5 7 4 2 6 0
0 17 4 1 3 5 0 4 2 6 7
0 17 4 1 3 5 7 4 2 0 6
0 14 5 1 3 5 4 2 6 7 0
0 14 5 1 3 5 4 2 0 6 7
0 17 5 1 3 5 0 7 2 6 4
0 18 4 1 3 5 4 7 2 6 0
0 10 6 1 3 4 5 2 6 0 7
0 11 5 1 3 4 5 2 6 7 0
0 20 6 1 3 5 4 0 2 6 7
0 20 6 1 3 5 6 4 2 0 7
0 19 6 1 3 5 4 7 2 0 6
0 21 6 1 3 5 6 4 2 7 0
0 20 6 1 3 5 4 0 2 6 7
0 22 6 1 3 5 0 4 2 7 6
0 11 6 1 3 4 5 2 0 6 7
0 18 6 1 3 0 7 4 2 5 6
0 15 6 1 3 5 4 0 2 6 7
0 19 6 1 3 7 0 4 2 5 6
0 18 6 1 3 5 7 4 0 2 6
0 19 5 1 3 5 7 0 4 2 6
0 21 4 1 3 5 7 6 4 2 0
0 22 5 1 3 5 0 7 4 2 6
0 25 4 1 3 5 2 7 4 0 6
0 26 2 1 3 5 2 7 4 6 0
0 27 4 1 3 5 0 7 4 6 2
0 28 4 1 3 5 2 0 4 6 7
0 31 2 1 3 5 0 2 4 6 7
0 32 0 1 3 5 7 2 4 6 0
