0 0 0 1 5 4 6 7 2 3 0
10 1 9 1 5 4 0 7 2 3 6
12 2 10 1 5 4 6 0 2 3 7
12 1 11 1 5 4 6 7 2 0 3
12 2 10 1 5 0 4 7 2 3 6
11 3 8 1 5 3 4 7 2 0 6
10 4 6 1 5 3 4 7 2 6 0
12 5 7 1 5 3 0 7 2 6 4
13 4 9 1 5 4 7 0 2 3 6
13 3 10 1 0 5 4 7 2 3 6
13 6 7 1 5 3 4 0 2 6 7
13 5 8 1 5 4 0 6 2 3 7
13 2 11 1 5 0 6 7 2 4 3
12 3 9 1 5 6 0 7 2 4 3
11 4 7 1 5 6 3 7 2 4 0
13 4 9 1 2 5 4 7 0 3 6
13 5 8 1 5 4 7 2 0 3 6
12 6 6 1 5 4 7 2 3 0 6
11 7 4 1 5 4 7 2 3 6 0
13 4 9 1 5 4 3 7 2 0 6
12 5 7 1 5 4 3 7 2 6 0
13 7 6 1 5 0 7 2 3 4 6
13 5 8 1 2 5 4 0 7 3 6
12 7 5 1 2 5 4 6 7 3 0
13 5 8 1 2 5 4 7 3 0 6
12 6 6 1 2 5 4 7 3 6 0
13 3 10 1 5 4 6 2 0 3 7
12 4 8 1 5 4 6 2 3 0 7
13 5 8 1 5 0 6 2 3 4 7
12 6 6 1 5 6 0 2 3 4 7
11 7 4 1 5 6 7 2 3 4 0
13 5 8 1 5 4 6 2 3 7 0
14 4 10 1 5 3 4 7 0 2 6
14 6 8 1 5 0 4 6 2 3 7
13 7 6 1 5 3 4 6 2 0 7
12 8 4 1 5 3 4 6 2 7 0
14 3 11 1 5 0 6 7 2 3 4
13 4 9 1 5 3 6 7 2 0 4
12 5 7 1 5 3 6 7 2 4 0
13 4 9 1 5 6 0 7 2 3 4
13 6 7 1 5 3 0 7 2 4 6
13 5 8 1 5 6 4 7 2 3 0
14 8 6 1 0 5 7 2 3 4 6
13 9 4 1 3 5 7 2 0 4 6
12 10 2 1 3 5 7 2 4 0 6
11 11 0 1 3 5 7 2 4 6 0
