0 0 0 6 1 5 4 2 0 3 7
0 1 6 6 0 5 4 2 1 3 7
0 1 6 6 1 5 4 2 3 0 7
0 2 5 6 1 5 4 2 3 7 0
0 2 6 0 6 5 4 2 1 3 7
0 5 5 1 6 5 4 2 0 3 7
0 5 5 7 6 5 4 2 1 3 0
0 6 5 1 6 5 4 2 3 0 7
0 7 4 1 6 5 4 2 3 7 0
0 6 5 1 0 5 4 2 6 3 7
0 8 5 1 6 5 0 2 3 7 4
0 11 4 1 6 5 7 2 3 0 4
0 12 3 1 6 5 7 2 3 4 0
0 12 4 1 6 5 7 2 0 3 4
0 13 4 1 0 5 7 2 6 3 4
0 10 5 1 6 0 4 2 3 7 5
0 15 5 0 6 5 7 2 3 4 1
0 13 5 1 6 5 7 0 2 3 4
0 15 4 1 6 5 7 4 2 3 0
0 14 5 0 1 5 7 2 6 3 4
0 17 4 4 1 5 7 2 6 3 0
0 12 5 1 6 0 7 2 3 5 4
0 13 5 1 6 5 0 2 3 4 7
0 14 5 1 6 5 7 0 3 4 2
0 13 5 1 0 6 7 2 3 5 4
0 14 4 1 3 6 7 2 0 5 4
0 15 4 1 3 6 7 2 5 0 4
0 16 3 1 3 0 7 2 5 6 4
0 16 3 1 3 6 7 2 5 4 0
0 17 4 1 3 7 0 2 5 6 4
0 18 3 1 3 7 4 2 5 6 0
0 17 4 1 0 3 7 2 5 6 4
0 19 4 1 3 0 7 2 5 4 6
0 21 4 1 3 0 4 2 5 6 7
0 18 4 1 5 3 7 2 0 6 4
0 20 4 1 3 4 7 2 5 0 6
0 21 2 1 3 4 7 2 5 6 0
0 22 4 1 3 4 0 2 5 6 7
0 21 4 1 3 4 7 2 0 5 6
0 22 4 1 3 4 0 2 5 6 7
0 23 4 1 3 4 7 0 5 6 2
0 24 4 0 3 4 7 2 5 6 1
0 24 4 1 3 4 7 5 0 6 2
0 27 4 5 3 4 7 2 0 6 1
0 15 5 1 6 5 7 3 0 4 2
0 16 4 1 6 5 7 3 4 0 2
0 17 3 1 6 5 7 3 4 2 0
0 19 4 1 6 5 7 0 4 2 3
0 22 4 1 0 5 7 6 4 2 3
0 19 5 0 3 6 7 2 5 4 1
0 15 5 1 3 6 7 0 2 5 4
0 17 4 1 3 6 7 4 2 5 0
0 17 5 1 3 6 0 2 5 4 7
0 20 5 1 6 0 7 3 4 2 5
0 18 5 1 3 6 7 0 5 4 2
0 20 5 1 3 6 4 2 5 0 7
0 21 4 1 3 6 4 2 5 7 0
0 21 5 1 6 2 7 3 4 0 5
0 22 4 1 6 2 7 3 4 5 0
0 21 5 1 0 6 7 3 4 2 5
0 19 5 1 3 6 7 5 0 4 2
0 20 4 1 3 6 7 5 4 0 2
0 21 3 1 3 0 7 5 4 6 2
0 21 3 1 3 6 7 5 4 2 0
0 22 4 1 3 7 0 5 4 6 2
0 23 3 1 3 7 2 5 4 6 0
0 22 4 1 0 3 7 5 4 6 2
0 23 4 1 3 6 7 0 4 2 5
0 24 4 1 3 0 7 5 4 2 6
0 25 4 1 3 7 5 0 4 6 2
0 27 2 1 3 7 5 2 4 6 0
0 28 3 1 3 7 0 2 4 6 5
0 29 2 1 3 0 7 2 4 6 5
0 30 3 1 3 0 5 2 4 6 7
0 31 2 1 3 5 0 2 4 6 7
0 32 0 1 3 5 7 2 4 6 0
