0 0 0 4 6 5 1 2 7 3 0
13 1 12 4 6 5 0 2 7 3 1
13 1 12 4 6 5 1 2 7 0 3
15 2 13 4 6 0 5 2 7 3 1
14 3 11 4 6 3 5 2 7 0 1
14 4 10 4 6 3 5 2 7 1 0
15 2 13 4 6 5 1 2 0 7 3
15 4 11 4 6 3 5 2 0 7 1
15 3 12 4 6 5 1 0 2 7 3
15 5 10 4 6 3 5 0 2 7 1
13 7 6 4 6 3 5 1 2 7 0
15 5 10 4 6 5 1 3 2 7 0
16 2 14 4 6 5 1 0 7 3 2
16 3 13 4 0 5 1 2 6 7 3
16 5 11 4 0 3 5 2 6 7 1
16 3 13 4 6 5 1 7 0 3 2
15 4 11 4 6 5 1 7 3 0 2
15 5 10 4 6 5 1 7 3 2 0
16 3 13 0 6 5 4 2 7 3 1
13 6 7 1 6 5 4 2 7 3 0
15 4 11 2 6 5 4 0 7 3 1
13 6 7 2 6 5 4 1 7 3 0
16 3 13 0 6 5 1 2 7 3 4
14 5 9 1 6 5 0 2 7 3 4
15 4 11 2 6 5 1 0 7 3 4
15 6 9 1 6 0 5 2 7 3 4
14 7 7 1 6 3 5 2 7 0 4
15 6 9 2 6 5 1 4 7 3 0
15 8 7 1 6 3 5 2 7 4 0
15 8 7 1 6 3 5 2 0 7 4
15 9 6 1 6 3 5 0 2 7 4
15 11 4 1 6 3 5 4 2 7 0
16 7 9 2 6 5 4 1 7 0 3
16 8 8 4 6 3 5 1 2 0 7
16 8 8 4 6 3 0 1 2 7 5
16 4 12 4 6 5 3 2 7 0 1
16 7 9 1 6 5 4 2 7 0 3
16 8 8 4 6 3 0 5 2 7 1
15 9 6 4 6 3 1 5 2 7 0
16 7 9 2 6 5 0 1 7 3 4
16 4 12 4 5 0 1 2 6 7 3
16 4 12 0 4 5 1 2 6 7 3
14 6 8 1 4 5 0 2 6 7 3
13 7 6 1 4 5 3 2 6 7 0
14 7 7 3 4 5 1 2 6 7 0
14 8 6 1 4 5 3 2 6 0 7
15 8 7 3 4 5 1 2 6 0 7
15 9 6 1 4 5 3 2 0 6 7
15 9 6 1 4 5 7 2 6 0 3
14 10 4 1 4 5 7 2 6 3 0
16 9 7 3 4 5 1 2 0 6 7
16 10 6 1 0 5 3 2 4 6 7
16 10 6 1 4 5 7 2 0 6 3
16 5 11 4 6 5 3 2 7 1 0
16 5 11 4 5 7 1 2 6 0 3
15 6 9 4 5 7 1 2 6 3 0
16 5 11 4 5 1 0 2 6 7 3
15 6 9 4 5 1 3 2 6 7 0
16 7 9 1 4 0 5 2 6 7 3
16 5 11 2 4 5 1 0 6 7 3
16 8 8 1 4 7 5 2 6 0 3
15 9 6 1 4 7 5 2 6 3 0
16 7 9 2 4 5 1 3 6 7 0
16 6 10 0 6 3 5 4 2 7 1
13 9 4 1 6 3 5 4 2 7 0
16 10 6 1 6 3 0 4 2 7 5
16 4 12 0 6 5 1 4 2 7 3
14 6 8 1 6 5 0 4 2 7 3
13 7 6 1 6 5 3 4 2 7 0
15 7 8 1 6 0 5 4 2 7 3
16 8 8 1 6 5 3 4 2 0 7
16 8 8 5 6 3 0 4 2 7 1
15 9 6 5 6 3 1 4 2 7 0
16 2 14 4 6 0 1 2 7 5 3
16 7 9 3 6 5 1 4 2 7 0
16 8 8 1 6 7 5 4 2 0 3
15 9 6 1 6 7 5 4 2 3 0
16 3 13 4 6 0 1 2 7 3 5
15 4 11 4 6 3 1 2 7 0 5
15 5 10 4 6 3 1 2 7 5 0
16 3 13 4 6 1 0 2 7 5 3
15 4 11 4 6 1 3 2 7 5 0
16 12 4 1 6 3 0 5 2 7 4
15 13 2 1 6 3 4 5 2 7 0
16 4 12 4 6 1 0 2 7 3 5
15 5 10 4 6 1 5 2 7 3 0
16 5 11 4 6 3 1 2 0 7 5
16 6 10 4 6 3 1 0 2 7 5
14 8 6 4 6 3 1 5 2 7 0
16 10 6 1 6 3 5 4 2 0 7
16 9 7 1 0 3 5 2 6 7 4
16 6 10 4 6 5 0 1 2 7 3
15 7 8 4 6 5 3 1 2 7 0
16 7 9 2 6 5 0 1 7 3 4
17 8 9 2 4 5 0 1 6 7 3
16 9 7 2 4 5 3 1 6 7 0
17 5 12 2 6 5 1 7 0 3 4
16 6 10 2 6 5 1 7 3 0 4
15 7 8 2 6 5 1 7 3 4 0
17 7 10 4 5 1 3 2 6 0 7
17 8 9 1 0 4 5 2 6 7 3
17 11 6 1 5 0 3 2 4 6 7
16 12 4 1 5 3 0 2 4 6 7
15 13 2 1 5 3 7 2 4 6 0
17 11 6 1 0 5 7 2 4 6 3
17 3 14 0 6 5 1 4 7 3 2
15 5 10 1 6 5 0 4 7 3 2
14 6 8 1 6 5 2 4 7 3 0
16 6 10 1 6 0 5 4 7 3 2
15 7 8 1 6 3 5 4 7 0 2
14 8 6 1 6 3 5 4 7 2 0
16 8 8 1 6 3 5 4 0 7 2
17 8 9 1 6 5 3 2 7 0 4
16 9 7 1 6 5 3 2 7 4 0
17 9 8 1 6 3 0 4 7 2 5
17 9 8 1 0 3 5 4 6 7 2
17 10 7 1 4 5 3 0 2 6 7
17 6 11 4 5 7 1 2 0 6 3
17 7 10 1 6 5 2 4 7 0 3
17 12 5 1 4 5 3 7 2 6 0
17 10 7 3 0 5 1 2 4 6 7
17 11 6 1 4 5 0 2 6 3 7
17 5 12 4 6 5 0 1 7 3 2
16 6 10 4 6 5 2 1 7 3 0
17 6 11 4 3 0 5 2 6 7 1
16 7 9 4 3 7 5 2 6 0 1
16 7 9 4 3 5 0 2 6 7 1
15 8 7 4 3 5 1 2 6 7 0
16 8 8 4 3 7 5 2 6 1 0
16 9 7 4 3 5 1 2 6 0 7
17 11 6 0 3 5 1 2 4 6 7
15 13 2 1 3 5 0 2 4 6 7
14 14 0 1 3 5 7 2 4 6 0
