0 0 0 4 6 5 1 2 7 3 0
0 1 12 4 6 5 0 2 7 3 1
0 1 12 4 6 5 1 2 7 0 3
0 4 12 4 6 5 3 2 7 0 1
0 5 11 4 6 5 3 2 7 1 0
0 2 13 4 6 5 1 2 0 7 3
0 3 12 4 6 5 1 0 2 7 3
0 5 10 4 6 5 1 3 2 7 0
0 6 10 4 6 5 0 1 2 7 3
0 7 8 4 6 5 3 1 2 7 0
0 9 10 4 6 5 7 1 2 0 3
0 10 8 4 6 5 7 1 2 3 0
0 8 10 4 6 5 3 1 2 0 7
0 10 10 0 6 5 3 1 2 7 4
0 11 8 1 6 5 3 0 2 7 4
0 13 6 1 6 5 3 4 2 7 0
0 14 8 1 6 5 0 3 2 7 4
0 15 6 1 6 5 4 3 2 7 0
0 14 8 1 6 5 0 4 2 7 3
0 18 8 1 6 0 4 3 2 7 5
0 15 8 1 6 0 5 4 2 7 3
0 17 8 1 6 5 4 0 2 7 3
0 17 8 1 6 5 7 4 2 0 3
0 18 6 1 6 5 7 4 2 3 0
0 19 8 1 6 4 0 3 2 7 5
0 20 6 1 6 4 5 3 2 7 0
0 16 8 1 6 7 5 4 2 0 3
0 17 6 1 6 7 5 4 2 3 0
0 22 8 1 6 4 3 0 2 7 5
0 24 4 1 6 4 3 5 2 7 0
0 25 6 1 6 4 0 5 2 7 3
0 25 6 1 6 4 3 5 2 0 7
0 27 6 1 6 0 3 5 2 7 4
0 28 4 1 6 3 0 5 2 7 4
0 29 2 1 6 3 4 5 2 7 0
0 30 4 1 6 3 4 5 2 0 7
0 26 6 1 6 0 4 5 2 7 3
0 28 6 1 6 7 3 5 2 0 4
0 32 6 1 6 0 4 5 2 7 3
0 31 6 1 6 0 4 5 2 3 7
0 31 6 1 6 3 4 5 0 2 7
0 27 6 1 6 7 4 5 2 0 3
0 28 4 1 6 7 4 5 2 3 0
0 29 6 1 6 7 3 5 2 4 0
0 29 6 1 6 7 0 5 2 3 4
0 33 6 1 6 7 4 5 2 0 3
0 32 6 1 6 4 0 5 2 3 7
0 32 6 1 0 3 4 5 6 2 7
0 33 6 1 6 4 7 5 2 3 0
0 33 6 1 3 0 4 5 6 2 7
0 34 4 1 3 2 4 5 6 0 7
0 35 2 1 3 2 4 5 6 7 0
0 36 4 1 3 2 0 5 6 7 4
0 31 6 1 6 3 5 0 2 7 4
0 33 4 1 6 3 5 4 2 7 0
0 37 6 1 3 2 4 0 6 7 5
0 38 6 1 3 0 4 5 6 7 2
0 37 6 1 3 0 2 5 6 7 4
0 34 6 1 6 3 0 4 2 7 5
0 34 6 1 6 3 5 4 2 0 7
0 40 6 1 3 2 0 4 6 7 5
0 41 4 1 3 2 5 4 6 7 0
0 39 6 1 3 4 0 5 6 7 2
0 40 4 1 3 4 2 5 6 7 0
0 38 6 1 3 7 2 5 6 0 4
0 39 6 1 3 2 5 0 6 7 4
0 39 6 1 3 2 7 5 6 0 4
0 34 6 1 3 4 0 5 6 2 7
0 35 6 1 3 2 4 5 0 6 7
0 39 6 1 0 3 4 5 6 7 2
0 31 6 1 6 3 4 0 2 7 5
0 39 6 1 3 7 4 5 6 0 2
0 40 4 1 3 7 4 5 6 2 0
0 40 6 1 3 2 7 5 6 4 0
0 35 6 1 3 4 7 5 6 2 0
0 40 6 1 6 3 4 5 0 7 2
0 37 6 1 3 4 2 5 6 0 7
0 41 6 1 3 7 0 5 6 2 4
0 41 6 1 6 3 4 5 7 0 2
0 42 4 1 6 3 4 5 7 2 0
0 41 6 1 3 2 0 5 6 4 7
0 31 6 1 6 3 7 5 2 0 4
0 43 6 1 6 3 0 5 7 2 4
0 38 6 1 0 3 2 5 6 7 4
0 32 6 1 6 3 7 5 2 4 0
0 46 6 1 6 3 2 5 7 0 4
0 39 6 1 6 3 2 5 0 7 4
0 33 6 1 6 3 0 5 2 4 7
0 47 6 1 6 3 2 5 7 4 0
0 47 6 1 6 3 2 5 0 7 4
0 41 6 1 3 4 2 5 6 0 7
0 39 6 1 3 7 2 5 6 4 0
0 43 6 1 3 2 5 0 6 7 4
0 37 6 1 6 3 4 0 2 7 5
0 42 6 1 3 2 5 4 6 0 7
0 34 7 1 0 3 5 6 2 7 4
0 35 5 1 2 3 5 6 0 7 4
0 36 4 1 2 3 5 0 6 7 4
0 38 2 1 2 3 5 4 6 7 0
0 39 2 1 2 3 0 5 6 7 4
0 40 0 1 2 3 4 5 6 7 0
