0 0 0 4 6 5 1 2 7 3 0
0 1 6 4 6 5 0 2 7 3 1
0 1 6 4 6 5 1 2 7 0 3
0 3 6 0 6 5 4 2 7 3 1
0 6 4 1 6 5 4 2 7 3 0
0 7 5 1 6 5 0 2 7 3 4
0 7 5 1 6 5 4 2 7 0 3
0 10 5 1 6 5 3 2 7 0 4
0 11 4 1 6 5 3 2 7 4 0
0 8 5 1 6 5 4 2 0 7 3
0 9 4 1 0 5 4 2 6 7 3
0 10 4 1 5 0 4 2 6 7 3
0 11 5 1 6 5 3 2 0 7 4
0 9 5 1 6 5 4 0 2 7 3
0 11 4 1 6 5 4 3 2 7 0
0 10 5 0 1 5 4 2 6 7 3
0 13 4 3 1 5 4 2 6 7 0
0 12 5 1 0 5 4 6 2 7 3
0 13 4 1 2 5 4 6 0 7 3
0 14 3 1 2 5 4 0 6 7 3
0 16 2 1 2 5 4 3 6 7 0
0 19 3 1 2 0 4 3 6 7 5
0 15 4 0 2 5 4 1 6 7 3
0 18 3 3 2 5 4 1 6 7 0
0 20 4 1 2 7 4 3 6 0 5
0 21 3 1 2 7 4 3 6 5 0
0 20 4 1 2 4 0 3 6 7 5
0 21 3 1 2 4 5 3 6 7 0
0 21 4 3 2 0 4 1 6 7 5
0 23 4 1 2 7 4 0 6 5 3
0 24 4 1 2 0 4 3 6 5 7
0 23 4 1 2 4 3 0 6 7 5
0 25 2 1 2 4 3 5 6 7 0
0 26 3 1 2 4 0 5 6 7 3
0 27 2 1 2 0 4 5 6 7 3
0 28 3 1 2 0 3 5 6 7 4
0 29 2 1 2 3 0 5 6 7 4
0 30 0 1 2 3 4 5 6 7 0
