0 0 0 7 6 2 1 3 5 4 0
13 1 12 7 6 2 1 3 5 0 4
15 1 14 7 6 2 0 3 5 4 1
16 2 14 7 6 2 1 0 5 4 3
16 2 14 7 6 2 1 3 0 5 4
16 3 13 0 6 2 1 3 5 4 7
14 5 9 1 6 2 0 3 5 4 7
15 6 9 1 6 2 7 3 5 4 0
15 8 7 1 6 2 4 3 5 0 7
14 9 5 1 6 2 4 3 5 7 0
16 4 12 3 6 2 1 0 5 4 7
16 2 14 7 6 0 1 3 5 2 4
16 5 11 3 6 2 1 5 0 4 7
16 3 13 7 6 1 0 3 5 2 4
15 4 11 7 6 1 4 3 5 2 0
16 3 13 7 6 2 1 5 0 4 3
16 7 9 1 6 2 7 3 5 0 4
16 4 12 7 6 2 4 3 5 0 1
16 4 12 7 6 2 1 5 4 0 3
15 5 10 7 6 2 1 5 4 3 0
16 6 10 3 6 2 1 5 4 0 7
15 7 8 3 6 2 1 5 4 7 0
16 5 11 7 6 2 4 3 5 1 0
17 6 11 3 0 2 1 5 6 4 7
16 7 9 3 2 0 1 5 6 4 7
15 8 7 3 2 4 1 5 6 0 7
14 9 5 3 2 4 1 5 6 7 0
16 8 8 3 2 1 0 5 6 4 7
17 7 10 3 6 2 0 1 5 4 7
17 6 11 3 6 2 1 7 5 4 0
17 9 8 3 2 1 7 5 6 4 0
17 11 6 3 2 1 4 5 6 0 7
16 12 4 3 2 1 4 5 6 7 0
17 5 12 7 6 2 0 1 5 4 3
16 6 10 7 6 2 3 1 5 4 0
17 2 15 7 6 0 2 3 5 4 1
17 7 10 0 3 2 1 5 6 4 7
15 9 6 1 3 2 0 5 6 4 7
16 10 6 1 3 2 7 5 6 4 0
16 12 4 1 3 2 4 5 6 0 7
15 13 2 1 3 2 4 5 6 7 0
17 3 14 7 0 2 1 3 6 5 4
16 4 12 7 2 0 1 3 6 5 4
16 5 11 7 2 5 1 3 6 0 4
16 5 11 7 2 1 0 3 6 5 4
15 6 9 7 2 1 4 3 6 5 0
16 6 10 7 2 5 1 3 6 4 0
17 10 7 1 6 2 0 3 5 7 4
17 4 13 0 7 2 1 3 6 5 4
15 6 9 1 7 2 0 3 6 5 4
14 7 7 1 7 2 4 3 6 5 0
16 8 8 1 7 2 4 3 6 0 5
17 7 10 7 2 1 4 3 6 0 5
17 5 12 3 7 2 1 0 6 5 4
17 9 8 1 7 2 5 3 6 0 4
17 7 10 3 7 2 1 4 6 5 0
17 11 6 1 3 2 7 5 6 0 4
17 10 7 3 2 4 0 5 6 7 1
17 8 9 1 6 2 3 0 5 4 7
17 4 13 7 0 2 1 5 6 4 3
16 5 11 7 2 0 1 5 6 4 3
15 6 9 7 2 4 1 5 6 0 3
14 7 7 7 2 4 1 5 6 3 0
16 6 10 7 2 1 0 5 6 4 3
15 7 8 7 2 1 3 5 6 4 0
16 8 8 7 2 1 3 5 6 0 4
17 3 14 0 6 2 1 7 5 4 3
15 5 10 1 6 2 0 7 5 4 3
14 6 8 1 6 2 3 7 5 4 0
15 7 8 1 6 2 3 7 5 0 4
16 8 8 1 6 2 4 7 5 0 3
15 9 6 1 6 2 4 7 5 3 0
17 3 14 7 6 2 1 0 3 5 4
16 5 11 7 6 2 1 4 3 5 0
17 3 14 7 6 4 2 3 5 0 1
17 8 9 3 6 2 7 1 5 4 0
17 5 12 0 7 2 1 5 6 4 3
15 7 8 1 7 2 0 5 6 4 3
14 8 6 1 7 2 3 5 6 4 0
15 9 6 1 7 2 3 5 6 0 4
16 10 6 1 7 2 4 5 6 0 3
15 11 4 1 7 2 4 5 6 3 0
17 4 13 7 6 4 2 3 5 1 0
17 9 8 7 2 1 4 5 6 0 3
16 10 6 7 2 1 4 5 6 3 0
17 8 9 3 7 2 1 5 6 4 0
17 7 10 7 6 2 3 1 5 0 4
17 8 9 7 2 4 0 5 6 3 1
17 9 8 1 6 2 3 5 0 4 7
17 6 11 1 6 0 2 3 5 4 7
16 7 9 1 6 4 2 3 5 0 7
15 8 7 1 6 4 2 3 5 7 0
17 10 7 1 6 2 3 5 4 0 7
16 11 5 1 6 2 3 5 4 7 0
18 10 8 1 7 2 5 3 6 4 0
18 7 11 4 7 2 1 3 6 5 0
18 7 11 1 7 0 2 3 6 5 4
17 8 9 1 7 5 2 3 6 0 4
16 9 7 1 7 5 2 3 6 4 0
18 9 9 1 7 2 3 0 6 5 4
18 10 8 1 0 2 3 5 6 4 7
17 11 6 1 2 0 3 5 6 4 7
16 12 4 1 2 4 3 5 6 0 7
15 13 2 1 2 4 3 5 6 7 0
16 12 4 1 2 3 0 5 6 4 7
17 13 4 1 2 3 7 5 6 4 0
17 15 2 1 2 3 4 5 6 0 7
16 16 0 1 2 3 4 5 6 7 0
