0 0 0 7 6 2 1 3 5 4 0
0 1 8 7 6 2 0 3 5 4 1
0 3 7 0 6 2 7 3 5 4 1
0 6 5 1 6 2 7 3 5 4 0
0 7 6 1 6 2 7 3 5 0 4
0 8 6 1 6 2 7 0 5 4 3
0 9 6 1 6 0 7 3 5 4 2
0 8 6 1 6 0 7 3 5 2 4
0 8 6 1 6 2 7 3 0 5 4
0 9 6 1 6 2 7 5 0 4 3
0 10 5 1 0 2 7 5 6 4 3
0 11 4 1 2 0 7 5 6 4 3
0 12 4 1 2 4 7 5 6 0 3
0 13 3 1 2 4 7 5 6 3 0
0 12 4 1 2 7 0 5 6 4 3
0 13 3 1 2 7 3 5 6 4 0
0 15 3 1 2 7 4 5 6 0 3
0 16 2 1 2 0 4 5 6 7 3
0 16 2 1 2 7 4 5 6 3 0
0 17 3 1 2 4 0 5 6 7 3
0 18 2 1 2 4 3 5 6 7 0
0 17 3 1 0 2 4 5 6 7 3
0 19 3 1 2 0 4 5 6 3 7
0 20 2 1 2 3 4 5 6 0 7
0 21 0 1 2 3 4 5 6 7 0
