0 0 0 4 1 5 7 3 6 2 0
7 1 6 4 1 5 7 3 6 0 2
7 2 5 4 1 5 7 3 0 6 2
8 2 6 4 1 5 7 0 6 2 3
8 3 5 4 0 5 7 3 1 6 2
8 3 5 4 1 5 7 0 3 6 2
8 1 7 4 1 5 0 3 6 2 7
8 5 3 4 1 5 7 2 3 6 0
9 3 6 0 1 5 7 4 6 2 3
9 2 7 4 1 0 5 3 6 2 7
9 3 6 0 1 5 4 3 6 2 7
9 2 7 4 1 0 7 3 6 5 2
9 4 5 1 0 5 4 3 6 2 7
9 4 5 0 4 5 7 3 1 6 2
9 4 5 0 1 5 7 4 3 6 2
9 4 5 1 0 5 7 4 6 2 3
9 3 6 0 1 5 7 3 6 2 4
9 3 6 4 1 5 7 6 0 2 3
9 5 4 1 0 5 7 4 3 6 2
9 4 5 1 0 5 7 3 6 2 4
9 6 3 1 3 5 7 4 0 6 2
9 7 2 1 3 5 7 0 4 6 2
9 9 0 1 3 5 7 2 4 6 0
