0 0 0 4 1 5 7 3 6 2 0
0 1 6 4 1 5 7 3 6 0 2
0 2 5 4 1 5 7 3 0 6 2
0 3 5 4 0 5 7 3 1 6 2
0 3 5 4 1 5 7 0 3 6 2
0 5 3 4 1 5 7 2 3 6 0
0 8 4 0 1 5 7 2 3 6 4
0 9 3 1 0 5 7 2 3 6 4
0 10 2 1 3 5 7 2 0 6 4
0 11 3 1 3 5 7 2 6 0 4
0 12 2 1 3 5 7 2 6 4 0
0 11 3 1 3 5 7 0 2 6 4
0 13 2 1 3 5 7 4 2 6 0
0 11 4 3 1 5 7 2 0 6 4
0 14 4 1 0 5 7 3 2 6 4
0 16 4 0 3 5 7 4 2 6 1
0 16 4 1 3 0 7 4 2 6 5
0 12 4 3 0 5 7 2 1 6 4
0 13 3 0 3 5 7 2 1 6 4
0 16 2 4 3 5 7 2 1 6 0
0 14 4 1 3 5 0 4 2 6 7
0 14 4 1 3 5 7 4 2 0 6
0 15 4 7 3 5 0 2 1 6 4
0 16 3 7 3 5 4 2 1 6 0
0 15 4 1 3 5 7 4 0 2 6
0 16 3 1 3 5 7 0 4 2 6
0 18 2 1 3 5 7 6 4 2 0
0 19 3 1 3 5 7 6 4 0 2
0 19 4 0 3 5 4 2 1 6 7
0 22 3 1 3 5 4 2 0 6 7
0 21 4 0 3 5 7 6 4 2 1
0 21 4 1 3 0 7 6 4 2 5
0 20 4 1 3 5 7 6 0 4 2
0 20 4 1 3 0 7 6 4 5 2
0 23 4 1 3 5 4 0 2 6 7
0 25 3 1 3 5 4 7 2 6 0
0 19 4 1 3 5 0 7 4 2 6
0 20 3 1 3 5 6 7 4 2 0
0 19 4 1 3 5 0 6 4 2 7
0 15 4 1 2 5 7 3 0 6 4
0 15 4 1 3 0 7 2 6 4 5
0 12 4 0 3 5 7 1 2 6 4
0 15 3 4 3 5 7 1 2 6 0
0 17 4 1 3 5 4 0 2 6 7
0 17 4 4 3 5 7 0 2 6 1
0 18 3 4 3 5 7 2 0 6 1
0 22 4 1 3 5 2 7 4 0 6
0 23 2 1 3 5 2 7 4 6 0
0 24 3 1 3 5 0 7 4 6 2
0 27 2 1 3 5 7 0 4 6 2
0 29 0 1 3 5 7 2 4 6 0
