0 0 0 4 1 5 7 3 6 2 0
0 1 9 4 1 5 7 3 6 0 2
0 2 9 4 1 5 7 3 0 6 2
0 3 8 4 1 5 7 0 3 6 2
0 5 4 4 1 5 7 2 3 6 0
0 6 6 4 1 5 0 2 3 6 7
0 6 6 4 1 5 7 2 3 0 6
0 8 7 0 1 5 7 2 3 6 4
0 9 6 1 0 5 7 2 3 6 4
0 10 4 1 3 5 7 2 0 6 4
0 11 4 1 3 5 7 2 6 0 4
0 12 2 1 3 5 7 2 6 4 0
0 13 4 1 3 5 0 2 6 4 7
0 11 5 1 3 5 7 0 2 6 4
0 13 2 1 3 5 7 4 2 6 0
0 14 4 1 3 5 0 4 2 6 7
0 14 4 1 3 5 7 4 2 0 6
0 16 5 1 3 5 4 2 6 0 7
0 14 5 1 3 5 0 7 2 6 4
0 15 4 1 3 5 4 7 2 6 0
0 17 5 1 3 5 4 2 6 7 0
0 17 5 1 3 5 4 2 0 6 7
0 14 6 1 3 5 7 0 6 4 2
0 16 6 1 3 5 2 0 6 4 7
0 18 4 1 3 5 2 7 6 4 0
0 15 6 1 3 0 7 2 6 4 5
0 14 6 1 3 0 5 2 6 4 7
0 19 6 1 3 5 0 7 6 4 2
0 19 6 1 3 5 2 7 6 0 4
0 16 6 1 3 4 7 2 6 0 5
0 17 4 1 3 4 7 2 6 5 0
0 15 6 1 3 4 5 2 6 0 7
0 16 5 1 3 4 5 2 6 7 0
0 18 6 1 3 5 4 0 2 6 7
0 17 6 1 3 4 7 2 0 6 5
0 16 6 1 3 4 5 2 0 6 7
0 17 6 1 3 5 0 7 6 4 2
0 16 6 1 3 5 4 7 2 0 6
0 17 6 1 3 5 4 0 2 6 7
0 18 6 1 3 5 0 2 6 7 4
0 10 6 1 5 0 7 2 3 6 4
0 12 6 1 3 0 7 2 6 5 4
0 16 6 1 3 7 0 2 6 4 5
0 17 4 1 3 7 5 2 6 4 0
0 11 6 1 5 6 7 2 3 0 4
0 12 4 1 5 6 7 2 3 4 0
0 11 6 1 5 7 0 2 3 6 4
0 12 5 1 5 7 4 2 3 6 0
0 13 6 1 3 7 0 2 6 5 4
0 14 5 1 3 7 4 2 6 5 0
0 18 6 1 3 7 5 2 6 0 4
0 16 6 1 3 7 5 2 6 0 4
0 19 6 1 3 7 5 2 0 6 4
0 17 6 1 3 7 5 2 0 6 4
0 13 6 1 5 6 0 2 3 4 7
0 15 6 1 5 0 7 2 3 4 6
0 17 6 1 3 5 6 4 2 0 7
0 16 6 1 5 4 7 2 3 0 6
0 17 4 1 5 4 7 2 3 6 0
0 16 6 1 5 7 0 2 3 4 6
0 16 6 1 0 5 7 2 3 4 6
0 17 4 1 3 5 7 2 0 4 6
0 18 2 1 3 5 7 2 4 0 6
0 19 0 1 3 5 7 2 4 6 0
