0 0 0 0 1 4 7 3 6 5 2
11 1 10 3 1 4 7 0 6 5 2
9 3 6 3 1 4 7 2 6 5 0
11 3 8 2 1 4 7 3 6 5 0
12 1 11 1 0 4 7 3 6 5 2
11 2 9 1 4 0 7 3 6 5 2
10 3 7 1 4 5 7 3 6 0 2
10 4 6 1 4 5 7 3 6 2 0
11 4 7 1 4 5 7 3 0 6 2
11 5 6 1 4 5 7 0 3 6 2
9 7 2 1 4 5 7 2 3 6 0
12 4 8 3 1 4 0 2 6 5 7
12 8 4 1 4 5 0 2 3 6 7
12 8 4 1 4 5 7 2 3 0 6
12 4 8 3 1 4 7 2 6 0 5
12 5 7 1 0 5 7 3 4 6 2
12 3 9 1 4 7 0 3 6 5 2
11 4 7 1 4 7 2 3 6 5 0
13 2 11 1 6 4 7 3 0 5 2
13 2 11 3 1 4 7 6 0 5 2
13 4 9 2 1 4 0 3 6 5 7
13 3 10 1 6 4 7 0 3 5 2
11 5 6 1 6 4 7 2 3 5 0
13 5 8 1 4 5 0 3 6 2 7
13 5 8 3 1 0 7 2 6 4 5
13 5 8 3 1 4 7 2 0 6 5
13 6 7 1 5 0 7 3 4 6 2
14 4 10 3 1 4 0 7 6 5 2
13 5 8 3 1 4 2 7 6 5 0
14 6 8 3 1 7 0 2 6 4 5
13 7 6 3 1 7 5 2 6 4 0
14 7 7 1 5 7 0 3 4 6 2
13 8 5 1 5 7 2 3 4 6 0
14 5 9 3 1 0 4 2 6 5 7
13 6 7 3 1 5 4 2 6 0 7
14 6 8 1 6 4 7 2 3 0 5
14 4 10 2 1 4 7 3 6 0 5
14 8 6 1 4 5 0 7 3 6 2
13 9 4 1 4 5 2 7 3 6 0
14 7 7 3 1 5 4 2 0 6 7
14 6 8 1 6 4 0 2 3 5 7
14 5 9 2 1 0 4 3 6 5 7
14 3 11 3 1 4 7 6 5 0 2
14 3 11 1 6 4 7 3 5 0 2
13 4 9 1 6 4 7 3 5 2 0
14 6 8 3 1 0 7 2 6 5 4
13 7 6 3 1 5 7 2 6 0 4
12 8 4 3 1 5 7 2 6 4 0
14 6 8 2 1 5 4 3 6 0 7
13 7 6 2 1 5 4 3 6 7 0
14 8 6 3 1 5 7 2 0 6 4
14 4 10 3 1 4 7 6 5 2 0
14 5 9 1 6 4 0 3 5 2 7
14 2 12 7 1 4 0 3 6 5 2
13 3 10 7 1 4 2 3 6 5 0
14 7 7 1 5 6 7 3 4 0 2
14 6 8 0 1 5 7 3 4 6 2
13 7 6 3 1 5 7 0 4 6 2
11 9 2 3 1 5 7 2 4 6 0
13 9 4 2 1 5 7 3 4 6 0
14 8 6 1 5 6 7 3 4 2 0
14 10 4 3 1 5 0 2 4 6 7
14 10 4 3 1 5 7 2 4 0 6
14 7 7 3 1 5 4 2 6 7 0
14 6 8 0 4 5 7 1 3 6 2
13 9 4 2 4 5 7 1 3 6 0
14 5 9 1 4 7 2 3 6 0 5
15 8 7 1 4 5 2 3 6 0 7
15 8 7 3 1 5 7 4 0 6 2
15 4 11 3 0 4 7 1 6 5 2
14 5 9 3 4 0 7 1 6 5 2
13 6 7 3 4 5 7 1 6 0 2
13 7 6 3 4 5 7 1 6 2 0
14 7 7 3 4 5 7 1 0 6 2
15 9 6 1 4 0 5 2 3 6 7
15 9 6 3 1 5 0 2 6 4 7
15 7 8 3 1 4 5 2 6 0 7
15 6 9 3 4 7 0 1 6 5 2
14 7 7 3 4 7 2 1 6 5 0
15 7 8 3 1 7 0 2 6 5 4
15 8 7 1 0 5 7 4 3 6 2
14 9 5 1 3 5 7 4 0 6 2
14 10 4 1 3 5 7 0 4 6 2
12 12 0 1 3 5 7 2 4 6 0
