0 0 0 0 1 4 7 3 6 5 2
0 3 8 2 1 4 7 3 6 5 0
0 4 9 2 1 4 0 3 6 5 7
0 7 8 2 1 4 5 3 6 0 7
0 8 6 2 1 4 5 3 6 7 0
0 9 8 2 1 4 0 3 6 7 5
0 10 8 2 1 4 5 0 6 7 3
0 13 6 2 1 4 0 5 6 7 3
0 14 4 2 1 4 3 5 6 7 0
0 14 6 2 1 0 4 5 6 7 3
0 15 6 2 1 4 3 5 6 0 7
0 17 6 2 1 0 3 5 6 7 4
0 18 4 2 1 3 0 5 6 7 4
0 19 2 2 1 3 4 5 6 7 0
0 20 4 2 1 3 4 5 6 0 7
0 18 6 2 1 7 3 5 6 0 4
0 15 6 2 1 7 4 5 6 0 3
0 16 4 2 1 7 4 5 6 3 0
0 21 6 2 1 3 4 0 6 7 5
0 21 6 2 1 0 4 5 6 3 7
0 17 6 2 1 7 0 5 6 3 4
0 19 6 2 1 0 4 5 6 3 7
0 24 6 2 1 3 0 4 6 7 5
0 25 4 2 1 3 5 4 6 7 0
0 20 6 2 1 4 0 5 6 3 7
0 26 6 2 1 3 5 4 6 0 7
0 27 6 2 1 3 5 0 6 7 4
0 21 6 2 1 4 7 5 6 3 0
0 22 6 2 1 4 0 5 6 3 7
0 21 6 2 1 3 4 5 0 6 7
0 19 6 2 1 7 3 5 6 4 0
0 21 6 2 1 3 5 0 6 7 4
0 21 6 2 1 3 7 5 6 0 4
0 22 6 2 1 3 7 5 6 4 0
0 23 6 2 1 3 0 5 6 4 7
0 30 7 2 0 3 5 1 6 7 4
0 31 6 0 2 3 5 1 6 7 4
0 32 4 1 2 3 5 0 6 7 4
0 34 2 1 2 3 5 4 6 7 0
0 35 2 1 2 3 0 5 6 7 4
0 36 0 1 2 3 4 5 6 7 0
