0 0 0 0 1 4 7 3 6 5 2
0 1 6 1 0 4 7 3 6 5 2
0 3 6 2 1 4 7 3 6 5 0
0 2 6 1 4 0 7 3 6 5 2
0 3 5 1 4 5 7 3 6 0 2
0 4 4 1 4 5 7 3 6 2 0
0 4 4 1 4 5 7 3 0 6 2
0 5 3 1 0 5 7 3 4 6 2
0 5 4 1 4 5 7 0 3 6 2
0 7 2 1 4 5 7 2 3 6 0
0 6 4 1 5 0 7 3 4 6 2
0 6 4 0 1 5 7 3 4 6 2
0 9 3 2 1 5 7 3 4 6 0
0 8 4 1 4 5 7 2 3 0 6
0 11 4 2 1 5 7 0 4 6 3
0 12 3 0 1 5 7 2 4 6 3
0 13 2 1 0 5 7 2 4 6 3
0 15 2 3 1 5 7 2 4 6 0
0 14 3 1 4 5 7 2 0 6 3
0 14 3 1 5 0 7 2 4 6 3
0 7 4 3 1 5 7 0 4 6 2
0 18 4 3 1 0 7 2 4 6 5
0 15 4 1 4 5 7 2 6 0 3
0 16 3 1 4 5 7 2 6 3 0
0 15 4 1 4 5 7 0 2 6 3
0 17 3 1 4 5 7 3 2 6 0
0 15 4 1 5 7 0 2 4 6 3
0 16 3 1 5 7 3 2 4 6 0
0 18 4 1 0 5 7 4 2 6 3
0 19 4 1 5 0 3 2 4 6 7
0 20 3 1 0 5 3 2 4 6 7
0 19 4 1 2 5 7 4 0 6 3
0 20 3 1 2 5 7 0 4 6 3
0 22 2 1 2 5 7 3 4 6 0
0 10 4 3 0 5 7 1 4 6 2
0 11 3 0 3 5 7 1 4 6 2
0 12 2 1 3 5 7 0 4 6 2
0 14 0 1 3 5 7 2 4 6 0
