0 0 0 7 5 2 3 6 0 1 4
13 1 12 7 5 2 3 6 1 0 4
14 1 13 7 5 2 3 0 6 1 4
14 2 12 7 5 2 3 6 1 4 0
14 3 11 7 5 2 3 4 6 1 0
15 1 14 7 0 2 3 6 5 1 4
14 2 12 7 2 0 3 6 5 1 4
13 3 10 7 2 1 3 6 5 0 4
13 3 10 7 2 3 0 6 5 1 4
12 4 8 7 2 3 4 6 5 1 0
14 4 10 7 2 1 3 6 5 4 0
14 5 9 7 2 3 4 6 5 0 1
15 2 13 0 5 2 3 7 6 1 4
15 2 13 0 7 2 3 6 5 1 4
15 3 12 5 0 2 3 7 6 1 4
14 4 10 5 2 0 3 7 6 1 4
13 5 8 5 2 1 3 7 6 0 4
13 5 8 5 2 3 0 7 6 1 4
12 6 6 5 2 3 4 7 6 1 0
14 6 8 5 2 1 3 7 6 4 0
14 7 7 5 2 3 4 7 6 0 1
15 6 9 7 2 3 1 6 5 0 4
15 8 7 5 2 3 1 7 6 0 4
15 8 7 5 2 3 4 0 6 1 7
16 5 11 4 5 2 3 7 6 1 0
16 3 13 6 7 2 3 0 5 1 4
16 4 12 3 7 2 0 6 5 1 4
15 5 10 3 7 2 4 6 5 1 0
16 2 14 7 5 0 3 6 1 2 4
15 3 12 7 5 3 0 6 1 2 4
14 4 10 7 5 3 4 6 1 2 0
16 4 12 3 5 2 0 7 6 1 4
15 5 10 3 5 2 4 7 6 1 0
16 9 7 5 2 3 1 7 6 4 0
16 9 7 0 2 3 4 5 6 1 7
16 4 12 6 7 2 3 5 0 1 4
15 5 10 6 7 2 3 5 1 0 4
16 4 12 7 0 2 3 5 6 1 4
15 5 10 7 2 0 3 5 6 1 4
14 6 8 7 2 1 3 5 6 0 4
14 6 8 7 2 3 0 5 6 1 4
13 7 6 7 2 3 4 5 6 1 0
15 7 8 7 2 1 3 5 6 4 0
15 8 7 7 2 3 4 5 6 0 1
16 6 10 6 7 2 3 5 1 4 0
16 5 11 6 7 2 3 4 5 1 0
16 9 7 7 2 3 1 5 6 0 4
16 5 11 0 7 2 3 5 6 1 4
16 6 10 5 2 1 3 7 0 6 4
16 5 11 4 7 2 3 6 5 1 0
16 7 9 5 2 1 3 0 7 6 4
16 7 9 7 2 3 1 6 5 4 0
16 9 7 5 2 1 3 4 7 6 0
16 4 12 7 2 1 3 6 0 5 4
16 7 9 0 2 3 4 6 5 1 7
16 5 11 7 2 1 3 0 6 5 4
16 5 11 0 2 3 7 6 5 1 4
16 7 9 7 2 1 3 4 6 5 0
16 4 12 7 5 2 3 4 6 0 1
16 4 12 5 6 2 3 7 0 1 4
15 5 10 5 6 2 3 7 1 0 4
16 5 11 5 6 2 3 0 7 1 4
16 6 10 5 6 2 3 7 1 4 0
16 7 9 5 6 2 3 4 7 1 0
17 5 12 5 7 2 3 6 0 1 4
16 6 10 5 7 2 3 6 1 0 4
17 6 11 0 2 1 3 7 6 5 4
17 8 9 6 2 3 4 0 5 1 7
17 7 10 5 7 2 3 6 1 4 0
17 3 14 7 5 2 0 6 1 4 3
17 6 11 7 2 0 4 6 5 3 1
17 10 7 7 2 3 1 5 6 4 0
17 8 9 0 2 1 3 5 7 6 4
17 6 11 5 7 2 3 0 6 1 4
17 7 10 3 7 2 0 5 6 1 4
16 8 8 3 7 2 4 5 6 1 0
17 6 11 7 2 3 4 6 0 5 1
17 9 8 5 2 3 4 6 0 1 7
16 10 6 5 2 3 4 6 1 0 7
15 11 4 5 2 3 4 6 1 7 0
17 5 12 7 2 1 0 6 5 4 3
17 7 10 5 2 1 0 7 6 4 3
17 8 9 5 7 2 3 4 6 1 0
17 6 11 7 2 3 4 0 5 1 6
17 4 13 7 5 2 3 0 1 4 6
17 5 12 7 6 2 3 5 0 1 4
16 6 10 7 6 2 3 5 1 0 4
17 6 11 6 2 3 7 0 5 1 4
17 7 10 7 6 2 3 5 1 4 0
17 7 10 6 2 3 7 5 0 1 4
16 8 8 6 2 3 7 5 1 0 4
17 8 9 6 2 3 7 4 5 1 0
17 8 9 5 2 1 3 0 6 4 7
17 5 12 6 0 2 3 5 7 1 4
16 6 10 6 2 0 3 5 7 1 4
15 7 8 6 2 1 3 5 7 0 4
15 7 8 6 2 3 0 5 7 1 4
14 8 6 6 2 3 4 5 7 1 0
16 8 8 6 2 1 3 5 7 4 0
16 8 8 6 2 1 3 5 0 7 4
16 9 7 6 2 3 4 5 7 0 1
17 9 8 6 2 3 7 5 1 4 0
17 10 7 6 2 3 1 5 7 0 4
17 6 11 0 6 2 3 5 7 1 4
17 10 7 6 2 3 4 5 0 7 1
17 7 10 7 2 3 4 5 0 1 6
16 8 8 7 2 3 4 5 1 0 6
15 9 6 7 2 3 4 5 1 6 0
17 5 12 7 5 2 3 1 0 4 6
16 6 10 7 5 2 3 1 4 0 6
15 7 8 7 5 2 3 1 4 6 0
17 7 10 7 2 3 4 0 6 5 1
15 9 6 7 2 3 4 1 6 5 0
17 8 9 5 2 0 4 7 6 3 1
17 10 7 7 2 3 4 1 6 0 5
17 9 8 6 2 3 4 5 0 1 7
16 10 6 6 2 3 4 5 1 0 7
15 11 4 6 2 3 4 5 1 7 0
17 7 10 0 2 3 5 7 6 1 4
17 8 9 5 2 3 7 0 6 1 4
17 6 11 5 7 2 3 0 6 1 4
17 10 7 5 2 3 7 4 6 1 0
17 4 13 7 5 2 0 3 6 1 4
16 5 11 7 5 2 4 3 6 1 0
17 5 12 3 5 0 2 7 6 1 4
16 6 10 3 5 1 2 7 6 0 4
15 7 8 3 5 1 2 7 6 4 0
17 8 9 0 2 3 7 5 6 1 4
17 7 10 7 2 1 3 5 0 6 4
17 5 12 7 5 3 4 6 1 0 2
17 6 11 3 7 2 4 6 5 0 1
17 6 11 0 6 2 3 5 7 1 4
17 6 11 3 5 2 4 7 6 0 1
17 7 10 3 5 1 2 7 0 6 4
17 8 9 4 7 2 3 5 6 1 0
17 8 9 5 2 3 4 7 0 6 1
17 8 9 4 2 3 7 6 5 1 0
17 4 13 7 5 2 0 4 6 1 3
17 9 8 5 2 3 4 0 7 6 1
15 11 4 5 2 3 4 1 7 6 0
18 8 10 7 2 3 5 0 6 1 4
18 9 9 5 2 4 0 7 6 3 1
17 10 7 5 2 4 1 7 6 3 0
18 11 7 5 2 3 0 4 6 1 7
18 6 12 7 2 3 6 0 5 1 4
18 10 8 4 2 3 5 7 6 1 0
18 9 9 0 2 3 7 5 6 1 4
18 12 6 6 2 3 0 5 1 7 4
18 10 8 7 2 3 0 1 6 5 4
18 7 11 7 5 0 3 1 4 2 6
17 8 9 7 5 3 0 1 4 2 6
18 8 10 0 2 3 4 7 6 5 1
15 11 4 1 2 3 4 7 6 5 0
17 12 5 1 2 3 4 7 6 0 5
18 10 8 7 2 3 0 5 1 6 4
18 11 7 5 2 3 0 4 6 1 7
18 8 10 3 6 2 0 5 7 1 4
17 9 8 3 6 2 4 5 7 1 0
18 11 7 6 2 3 1 5 0 7 4
18 11 7 6 2 3 1 5 7 4 0
18 10 8 6 2 3 0 5 1 4 7
18 9 9 6 2 1 3 0 5 7 4
18 8 10 2 0 3 4 6 5 1 7
18 7 11 3 5 2 1 7 6 0 4
17 8 9 3 5 2 1 7 6 4 0
18 6 12 4 5 2 3 7 6 0 1
18 11 7 4 2 1 3 5 7 6 0
18 9 9 4 2 3 0 6 5 1 7
18 9 9 6 2 3 0 4 5 1 7
18 6 12 6 7 2 3 4 5 0 1
18 9 9 0 2 1 3 5 6 4 7
18 7 11 3 7 2 1 6 5 0 4
18 10 8 5 2 3 4 6 0 1 7
18 8 10 7 2 1 3 4 6 0 5
18 9 9 4 6 2 3 5 7 1 0
18 9 9 7 2 0 4 5 6 3 1
18 3 15 7 0 5 3 6 1 2 4
17 4 13 7 1 5 3 6 0 2 4
16 5 11 7 1 5 3 6 2 0 4
15 6 9 7 1 5 3 6 2 4 0
17 5 12 7 1 5 3 0 6 2 4
16 7 9 7 1 5 3 4 6 2 0
18 6 12 4 7 2 3 6 5 0 1
18 9 9 5 2 0 1 7 6 3 4
18 5 13 0 5 2 3 7 1 4 6
17 7 10 3 5 2 0 7 1 4 6
18 8 10 1 5 2 3 7 0 4 6
17 9 8 1 5 2 3 7 4 0 6
16 10 6 1 5 2 3 7 4 6 0
18 8 10 3 5 2 6 7 1 4 0
18 8 10 3 5 0 2 7 1 4 6
18 8 10 7 2 1 0 5 6 4 3
18 7 11 7 1 5 0 6 2 4 3
18 6 12 7 1 0 3 6 2 5 4
17 7 10 7 1 3 0 6 2 5 4
16 8 8 7 1 3 4 6 2 5 0
18 6 12 0 1 5 3 7 6 2 4
17 8 9 3 1 5 0 7 6 2 4
17 9 8 3 1 5 4 7 6 2 0
18 9 9 7 1 3 4 6 2 0 5
18 7 11 1 0 5 3 7 6 2 4
18 9 9 4 1 5 3 7 6 2 0
18 8 10 1 5 0 3 7 6 2 4
17 9 8 1 5 2 3 7 6 0 4
17 9 8 1 5 3 0 7 6 2 4
16 10 6 1 5 3 4 7 6 2 0
18 10 8 5 2 1 0 7 6 3 4
17 11 6 5 2 1 4 7 6 3 0
18 10 8 1 5 2 3 7 6 4 0
18 8 10 7 1 5 3 0 2 4 6
18 8 10 7 1 5 3 4 6 0 2
18 9 9 7 1 5 3 2 0 4 6
17 10 7 7 1 5 3 2 4 0 6
16 11 5 7 1 5 3 2 4 6 0
18 4 14 0 7 5 3 6 1 2 4
18 7 11 0 2 3 4 7 5 1 6
18 6 12 3 7 5 0 6 1 2 4
18 7 11 1 7 5 3 6 0 2 4
17 8 9 1 7 5 3 6 2 0 4
17 9 8 1 7 5 3 6 2 4 0
18 10 8 6 2 3 4 7 5 1 0
18 7 11 3 7 5 4 6 1 2 0
18 8 10 1 7 5 3 0 6 2 4
18 8 10 7 2 1 4 6 5 0 3
17 9 8 7 2 1 4 6 5 3 0
18 10 8 1 7 5 3 4 6 2 0
18 7 11 7 2 3 1 6 0 5 4
18 8 10 7 2 3 1 0 6 5 4
18 7 11 7 2 0 1 6 5 3 4
18 5 13 7 5 2 3 4 0 6 1
18 6 12 7 5 2 3 0 4 6 1
18 8 10 7 2 1 0 6 5 3 4
18 10 8 7 2 3 1 4 6 5 0
18 10 8 5 2 1 4 7 6 0 3
18 9 9 7 2 3 4 5 0 6 1
18 12 6 5 2 3 0 6 1 7 4
18 8 10 7 5 2 0 1 4 6 3
18 9 9 5 2 3 1 7 0 6 4
18 11 7 6 2 1 3 4 5 7 0
18 10 8 5 2 3 1 0 7 6 4
18 9 9 3 7 2 4 5 6 0 1
18 12 6 5 2 3 1 4 7 6 0
18 7 11 0 2 1 3 6 5 4 7
18 6 12 0 5 2 3 4 6 1 7
18 13 5 1 2 3 4 0 6 5 7
18 7 11 5 0 2 3 4 6 1 7
17 8 9 5 2 0 3 4 6 1 7
16 9 7 5 2 1 3 4 6 0 7
15 10 5 5 2 1 3 4 6 7 0
16 9 7 5 2 3 0 4 6 1 7
18 11 7 4 2 3 7 5 6 1 0
18 11 7 5 2 1 0 4 6 7 3
18 6 12 5 6 0 3 7 1 2 4
17 7 10 5 6 3 0 7 1 2 4
16 8 8 5 6 3 4 7 1 2 0
18 7 11 0 5 3 4 6 1 2 7
18 10 8 3 2 1 0 5 7 6 4
17 11 6 3 2 1 4 5 7 6 0
18 9 9 7 5 3 6 1 4 2 0
18 6 12 7 5 2 4 3 6 0 1
18 6 12 2 0 3 7 6 5 1 4
18 6 12 6 7 0 3 5 1 2 4
17 7 10 6 7 3 0 5 1 2 4
16 8 8 6 7 3 4 5 1 2 0
18 7 11 7 2 3 6 5 0 1 4
17 8 9 7 2 3 6 5 1 0 4
18 11 7 4 2 3 0 5 6 1 7
18 12 6 5 2 3 0 1 7 6 4
18 10 8 6 2 3 4 7 5 1 0
18 8 10 3 2 1 0 7 6 5 4
17 9 8 3 2 1 4 7 6 5 0
18 10 8 7 2 3 5 4 6 1 0
18 8 10 7 2 3 6 4 5 1 0
18 8 10 5 6 2 3 4 7 0 1
18 10 8 0 2 3 4 5 7 6 1
15 13 2 1 2 3 4 5 7 6 0
18 4 14 7 5 0 2 6 1 4 3
18 9 9 4 2 3 0 6 5 1 7
18 9 9 4 2 1 3 7 6 5 0
18 5 13 0 5 2 3 6 1 4 7
18 7 11 3 5 2 4 0 6 1 7
18 14 4 1 2 3 0 5 7 6 4
18 14 4 1 2 3 4 5 7 0 6
18 6 12 5 0 2 3 6 1 4 7
17 7 10 5 1 2 3 6 0 4 7
17 7 10 5 2 0 3 6 1 4 7
16 8 8 5 2 4 3 6 1 0 7
15 9 6 5 2 4 3 6 1 7 0
16 8 8 5 2 3 0 6 1 4 7
17 8 9 5 1 2 3 0 6 4 7
17 8 9 5 1 2 3 6 4 0 7
16 9 7 5 1 2 3 6 4 7 0
17 9 8 5 2 3 7 6 1 4 0
18 10 8 5 2 3 7 6 1 0 4
18 9 9 0 1 2 3 5 6 4 7
18 10 8 5 1 2 3 7 6 4 0
18 7 11 3 5 2 0 6 1 4 7
17 8 9 3 5 2 7 6 1 4 0
18 8 10 1 5 2 3 6 0 4 7
18 9 9 1 5 2 3 0 6 4 7
18 9 9 1 5 2 3 6 4 0 7
17 10 7 1 5 2 3 6 4 7 0
18 10 8 5 2 4 0 6 1 7 3
18 12 6 5 2 3 4 1 7 0 6
18 6 12 5 0 2 3 6 7 1 4
17 7 10 5 2 0 3 6 7 1 4
16 8 8 5 2 1 3 6 7 0 4
16 8 8 5 2 3 0 6 7 1 4
15 9 6 5 2 3 4 6 7 1 0
17 9 8 5 2 1 3 6 7 4 0
17 9 8 5 2 1 3 6 0 7 4
17 10 7 5 2 1 3 0 6 7 4
17 10 7 5 2 3 4 6 7 0 1
18 10 8 2 0 3 4 5 6 1 7
18 8 10 3 5 1 0 7 6 4 2
18 5 13 0 5 3 7 6 1 2 4
18 7 11 7 2 4 0 6 5 3 1
17 8 9 7 2 4 1 6 5 3 0
18 9 9 4 6 2 3 5 7 1 0
18 9 9 7 2 3 6 5 1 4 0
18 11 7 5 2 3 4 6 0 7 1
18 11 7 0 2 1 3 5 6 7 4
18 8 10 3 6 2 0 5 7 1 4
18 6 12 5 0 3 7 6 1 2 4
17 7 10 5 1 3 7 6 0 2 4
16 8 8 5 1 3 7 6 2 0 4
17 8 9 5 1 3 7 0 6 2 4
17 9 8 5 1 3 7 6 2 4 0
17 10 7 5 1 3 7 4 6 2 0
18 8 10 1 5 3 7 6 0 2 4
17 9 8 1 5 3 7 6 2 0 4
16 10 6 1 5 3 7 6 2 4 0
18 9 9 1 5 3 7 0 6 2 4
17 11 6 1 5 3 7 4 6 2 0
18 11 7 5 1 3 0 4 6 2 7
18 10 8 5 1 3 0 6 2 4 7
18 12 6 5 2 3 4 0 6 7 1
16 14 2 5 2 3 4 1 6 7 0
18 8 10 4 5 3 7 6 1 2 0
18 9 9 0 1 3 7 5 6 2 4
18 10 8 1 0 3 7 5 6 2 4
18 8 10 5 0 3 4 6 1 2 7
17 9 8 5 1 3 4 6 0 2 7
16 10 6 5 1 3 4 6 2 0 7
15 11 4 5 1 3 4 6 2 7 0
17 10 7 5 1 3 4 0 6 2 7
18 10 8 1 0 2 3 5 6 4 7
17 11 6 1 2 0 3 5 6 4 7
16 12 4 1 2 4 3 5 6 0 7
15 13 2 1 2 4 3 5 6 7 0
16 12 4 1 2 3 0 5 6 4 7
17 13 4 1 2 3 7 5 6 4 0
17 15 2 1 2 3 4 5 6 0 7
16 16 0 1 2 3 4 5 6 7 0
