0 0 0 7 5 2 3 6 0 1 4
0 1 12 7 5 2 3 6 1 0 4
0 2 12 7 5 2 3 6 1 4 0
0 1 13 7 5 2 3 0 6 1 4
0 3 11 7 5 2 3 4 6 1 0
0 4 12 7 0 2 3 5 6 1 4
0 5 10 7 2 0 3 5 6 1 4
0 6 8 7 2 1 3 5 6 0 4
0 6 8 7 2 3 0 5 6 1 4
0 7 6 7 2 3 4 5 6 1 0
0 9 7 7 2 3 1 5 6 0 4
0 8 7 7 2 3 4 5 6 0 1
0 10 7 7 2 3 1 5 6 4 0
0 10 7 0 2 3 4 5 6 1 7
0 11 7 5 2 3 4 0 6 1 7
0 13 6 5 2 3 4 7 6 1 0
0 12 7 4 2 3 0 5 6 1 7
0 15 6 4 2 3 1 5 6 0 7
0 16 4 4 2 3 1 5 6 7 0
0 17 6 4 2 3 0 5 6 7 1
0 19 6 0 2 3 1 5 6 7 4
0 21 2 1 2 3 0 5 6 7 4
0 22 0 1 2 3 4 5 6 7 0
