0 0 0 7 5 2 3 6 0 1 4
0 1 7 7 5 2 3 0 6 1 4
0 3 6 7 5 2 3 4 6 1 0
0 4 6 7 0 2 3 5 6 1 4
0 5 5 7 2 0 3 5 6 1 4
0 6 4 7 2 3 0 5 6 1 4
0 7 2 7 2 3 4 5 6 1 0
0 8 3 7 2 3 4 5 6 0 1
0 10 3 0 2 3 4 5 6 1 7
0 8 4 0 2 3 7 5 6 1 4
0 11 3 4 2 3 7 5 6 1 0
0 9 4 7 2 3 1 5 6 0 4
0 10 3 7 2 3 1 5 6 4 0
0 9 4 7 2 3 4 5 0 6 1
0 12 4 4 2 3 0 5 6 1 7
0 11 4 7 2 3 0 5 6 4 1
0 12 4 4 2 3 7 5 6 0 1
0 9 4 7 2 3 4 0 6 1 5
0 11 4 2 0 3 4 5 6 1 7
0 13 4 6 2 3 4 5 0 1 7
0 12 4 4 2 3 0 5 6 1 7
0 10 4 7 2 0 4 5 6 1 3
0 14 4 6 2 3 4 5 1 0 7
0 15 2 6 2 3 4 5 1 7 0
0 18 3 0 2 3 4 5 1 7 6
0 21 2 1 2 3 4 5 0 7 6
0 22 3 1 0 3 4 5 2 7 6
0 22 3 1 2 3 4 5 7 0 6
0 23 2 1 2 3 4 5 7 6 0
0 22 3 1 2 3 4 0 5 7 6
0 24 2 1 2 3 4 6 5 7 0
0 16 4 6 2 3 0 5 1 7 4
0 24 4 1 2 3 0 5 7 6 4
0 26 4 0 2 3 4 5 7 6 1
0 26 4 1 2 0 4 5 7 6 3
0 23 4 0 2 3 4 1 5 7 6
0 26 3 6 2 3 4 1 5 7 0
0 27 4 1 2 3 6 5 7 0 4
0 28 3 1 2 3 6 5 7 4 0
0 28 3 1 2 3 6 5 0 7 4
0 23 4 0 1 3 4 5 2 7 6
0 26 3 6 1 3 4 5 2 7 0
0 17 4 6 2 3 4 0 1 7 5
0 18 4 6 2 0 4 5 1 7 3
0 19 4 2 0 3 4 5 1 7 6
0 20 4 4 2 3 0 5 1 7 6
0 21 3 4 2 3 6 5 1 7 0
0 19 4 5 2 3 4 0 1 7 6
0 21 3 5 2 3 4 6 1 7 0
0 18 4 0 2 3 4 6 1 7 5
0 21 3 1 2 3 4 6 0 7 5
0 22 2 1 2 3 4 0 6 7 5
0 24 0 1 2 3 4 5 6 7 0
