0 0 0 3 4 7 6 5 2 1 0
0 1 7 3 4 7 0 5 2 1 6
0 1 7 3 4 7 6 5 2 0 1
0 2 6 3 4 0 6 5 2 7 1
0 3 6 3 4 6 0 5 2 7 1
0 4 5 3 4 6 1 5 2 7 0
0 3 6 3 0 4 6 5 2 7 1
0 4 5 3 2 4 6 5 0 7 1
0 7 6 0 4 6 1 5 2 7 3
0 9 5 1 4 6 0 5 2 7 3
0 10 4 1 4 6 3 5 2 7 0
0 10 5 1 4 0 6 5 2 7 3
0 13 5 1 4 0 3 5 2 7 6
0 14 4 1 4 3 0 5 2 7 6
0 15 3 1 4 3 6 5 2 7 0
0 11 5 1 0 4 6 5 2 7 3
0 12 4 1 2 4 6 5 0 7 3
0 16 5 0 4 3 1 5 2 7 6
0 19 4 6 4 3 1 5 2 7 0
0 18 5 0 4 3 6 5 2 7 1
0 14 5 1 0 4 3 5 2 7 6
0 15 4 1 2 4 3 5 0 7 6
0 20 5 6 4 3 0 5 2 7 1
0 16 5 1 2 4 3 0 5 7 6
0 18 4 1 2 4 3 6 5 7 0
0 19 5 4 0 3 6 5 2 7 1
0 20 4 4 2 3 6 5 0 7 1
0 19 5 1 2 4 0 3 5 7 6
0 20 4 1 2 4 6 3 5 7 0
0 20 4 1 2 0 4 3 5 7 6
0 21 5 1 2 0 3 6 5 7 4
0 22 4 1 2 3 0 6 5 7 4
0 23 2 1 2 3 4 6 5 7 0
0 25 3 1 2 3 4 0 5 7 6
0 26 2 1 2 3 4 5 0 7 6
0 27 3 1 0 3 4 5 2 7 6
0 27 3 1 2 3 4 5 7 0 6
0 28 2 1 2 3 4 5 7 6 0
0 25 4 1 2 3 6 0 5 7 4
0 26 3 1 2 3 6 5 0 7 4
0 27 3 1 2 3 6 4 5 7 0
0 24 4 1 2 3 4 6 5 0 7
0 30 4 1 2 3 4 0 7 6 5
0 31 4 0 2 3 4 5 7 6 1
0 27 4 1 0 3 6 5 2 7 4
0 34 4 7 2 3 4 5 0 6 1
0 35 3 7 2 3 4 5 6 0 1
0 36 2 7 2 3 4 5 6 1 0
0 39 3 0 2 3 4 5 6 1 7
0 25 4 1 2 3 4 6 0 5 7
0 26 3 1 2 3 4 0 6 5 7
0 28 2 1 2 3 4 7 6 5 0
0 29 3 1 2 3 4 7 6 0 5
0 36 4 7 2 0 4 5 6 3 1
0 31 4 0 2 3 4 7 6 5 1
0 31 4 1 2 0 4 7 6 5 3
0 30 4 1 2 0 4 7 6 3 5
0 30 4 1 2 3 4 7 0 6 5
0 32 4 7 2 3 4 0 6 5 1
0 34 3 7 2 3 4 1 6 5 0
0 32 4 1 2 5 4 7 6 0 3
0 33 3 1 2 5 4 7 6 3 0
0 37 4 7 2 3 0 5 6 1 4
0 35 4 7 2 3 4 1 6 0 5
0 37 4 0 2 3 4 1 6 5 7
0 40 4 2 0 3 4 5 6 1 7
0 41 4 4 2 3 0 5 6 1 7
0 42 3 4 2 3 7 5 6 1 0
0 29 4 1 2 3 0 7 6 5 4
0 29 4 1 0 3 4 2 6 5 7
0 42 4 6 2 3 4 5 0 1 7
0 27 4 0 2 3 4 1 6 5 7
0 38 4 7 2 3 4 0 6 1 5
0 39 4 7 2 0 4 5 6 1 3
0 40 4 5 2 3 4 0 6 1 7
0 42 3 5 2 3 4 7 6 1 0
0 29 4 1 2 3 0 4 6 5 7
0 30 3 1 2 3 7 4 6 5 0
0 28 4 1 2 3 0 4 5 7 6
0 31 4 1 2 0 4 5 7 6 3
0 43 4 5 2 3 4 7 6 0 1
0 45 4 0 2 3 4 7 6 1 5
0 32 4 1 2 3 5 4 6 0 7
0 33 2 1 2 3 5 4 6 7 0
0 34 3 1 2 3 0 4 6 7 5
0 37 2 1 2 3 4 0 6 7 5
0 39 0 1 2 3 4 5 6 7 0
