0 0 0 3 4 7 6 5 2 1 0
0 1 11 3 4 7 0 5 2 1 6
0 4 10 3 4 7 1 5 2 0 6
0 5 8 3 4 7 1 5 2 6 0
0 6 10 3 4 7 0 5 2 6 1
0 8 10 3 4 0 1 5 2 6 7
0 9 9 3 4 1 0 5 2 6 7
0 10 7 3 4 1 7 5 2 6 0
0 12 9 3 4 1 5 0 2 6 7
0 14 7 3 4 1 5 7 2 6 0
0 13 8 3 4 1 5 2 0 6 7
0 14 8 3 0 1 5 2 4 6 7
0 15 6 3 1 0 5 2 4 6 7
0 16 4 3 1 5 0 2 4 6 7
0 17 2 3 1 5 7 2 4 6 0
0 18 4 3 1 5 7 2 4 0 6
0 16 6 3 1 6 5 2 4 0 7
0 19 6 3 1 5 2 0 4 6 7
0 21 4 3 1 5 2 7 4 6 0
0 19 6 3 1 5 7 2 0 4 6
0 17 6 3 1 6 5 2 4 7 0
0 22 6 3 1 5 0 7 4 6 2
0 22 6 3 1 5 2 7 4 0 6
0 25 6 3 1 5 7 0 4 6 2
0 19 6 3 1 5 6 2 4 0 7
0 20 6 3 1 0 7 2 4 6 5
0 20 6 3 1 5 6 2 4 7 0
0 21 6 3 1 6 7 2 4 0 5
0 22 4 3 1 6 7 2 4 5 0
0 21 6 3 1 5 0 2 4 7 6
0 21 6 3 1 7 0 2 4 6 5
0 22 4 3 1 7 5 2 4 6 0
0 19 6 3 1 0 7 2 4 5 6
0 19 6 3 1 5 7 0 4 6 2
0 25 6 3 1 0 7 2 4 5 6
0 23 6 3 1 7 5 2 4 0 6
0 20 6 3 1 7 0 2 4 5 6
0 23 6 3 1 6 0 2 4 5 7
0 26 6 3 1 7 0 2 4 5 6
0 21 6 3 1 7 6 2 4 5 0
0 27 6 3 1 7 6 2 4 5 0
0 20 7 3 1 5 7 0 2 4 6
0 22 6 3 1 5 7 6 2 4 0
0 28 7 3 0 5 7 1 4 6 2
0 29 6 0 3 5 7 1 4 6 2
0 32 2 2 3 5 7 1 4 6 0
0 30 4 1 3 5 7 0 4 6 2
0 32 0 1 3 5 7 2 4 6 0
