0 0 0 0 3 5 6 7 4 1 2
10 3 7 2 3 5 6 7 4 1 0
11 4 7 2 3 5 0 7 4 1 6
12 4 8 2 3 5 6 7 4 0 1
12 2 10 6 3 5 0 7 4 1 2
11 3 8 6 3 5 2 7 4 1 0
12 1 11 7 3 5 6 0 4 1 2
10 3 7 7 3 5 6 2 4 1 0
11 4 7 7 3 5 0 2 4 1 6
12 4 8 7 3 5 6 2 4 0 1
13 6 7 0 3 5 7 2 4 1 6
13 7 6 7 3 5 1 2 4 0 6
12 8 4 7 3 5 1 2 4 6 0
13 4 9 6 3 5 2 7 4 0 1
13 1 12 3 0 5 6 7 4 1 2
13 7 6 2 3 5 1 7 4 0 6
12 8 4 2 3 5 1 7 4 6 0
14 7 7 2 3 5 7 0 4 1 6
14 5 9 6 3 5 1 7 4 0 2
14 5 9 7 3 0 5 2 4 1 6
13 6 7 7 3 1 5 2 4 0 6
12 7 5 7 3 1 5 2 4 6 0
14 5 9 2 3 5 6 0 4 1 7
14 4 10 7 3 5 0 6 4 1 2
13 5 8 7 3 5 2 6 4 1 0
14 6 8 6 3 5 1 7 4 2 0
14 7 7 2 3 5 7 0 4 1 6
14 5 9 2 3 0 5 7 4 1 6
13 6 7 2 3 1 5 7 4 0 6
12 7 5 2 3 1 5 7 4 6 0
14 2 12 7 3 5 6 4 0 1 2
13 3 10 7 3 5 6 4 1 0 2
13 4 9 7 3 5 6 4 1 2 0
14 2 12 3 5 0 6 7 4 1 2
13 3 10 3 5 1 6 7 4 0 2
13 3 10 3 5 6 0 7 4 1 2
12 4 8 3 5 6 2 7 4 1 0
13 4 9 3 5 1 6 7 4 2 0
14 2 12 3 4 5 6 7 0 1 2
13 3 10 3 4 5 6 7 1 0 2
13 4 9 3 4 5 6 7 1 2 0
14 5 9 3 5 6 2 7 4 0 1
14 5 9 3 5 1 0 7 4 2 6
14 5 9 3 4 5 0 7 1 2 6
14 5 9 7 3 5 0 4 1 2 6
15 7 8 3 0 5 7 2 4 1 6
15 5 10 7 3 5 6 2 0 4 1
15 6 9 7 3 5 2 6 4 0 1
15 5 10 6 3 5 7 0 4 1 2
13 7 6 6 3 5 7 2 4 1 0
15 5 10 6 3 5 2 0 4 1 7
15 9 6 2 3 5 7 6 4 1 0
15 6 9 0 3 5 2 7 4 1 6
15 3 12 4 3 5 6 7 0 1 2
14 4 10 4 3 5 6 7 1 0 2
14 5 9 4 3 5 6 7 1 2 0
15 8 7 6 3 5 7 2 4 0 1
15 8 7 7 3 1 0 2 4 6 5
15 6 9 0 3 5 2 7 4 1 6
15 6 9 4 3 5 0 7 1 2 6
15 5 10 2 3 5 6 7 0 4 1
15 3 12 6 3 0 5 7 4 1 2
14 4 10 6 3 1 5 7 4 0 2
14 5 9 6 3 1 5 7 4 2 0
15 6 9 0 3 5 6 2 4 1 7
15 6 9 0 3 5 6 2 4 1 7
15 9 6 2 3 5 0 7 4 6 1
15 5 10 2 3 0 6 7 4 5 1
14 6 8 2 3 6 0 7 4 5 1
13 7 6 2 3 6 1 7 4 5 0
15 6 9 3 5 0 2 7 4 6 1
15 5 10 7 3 0 6 2 4 5 1
14 6 8 7 3 6 0 2 4 5 1
13 7 6 7 3 6 1 2 4 5 0
15 6 9 3 5 6 1 7 4 0 2
15 9 6 2 3 5 7 6 4 1 0
15 9 6 7 3 5 0 2 4 6 1
15 8 7 2 3 1 0 7 4 6 5
15 7 8 3 5 6 1 7 4 2 0
16 7 9 7 3 5 2 0 4 1 6
16 4 12 3 5 1 6 7 0 4 2
16 7 9 7 3 5 2 0 4 1 6
16 6 10 0 3 5 7 6 4 1 2
16 7 9 7 3 5 2 0 4 1 6
16 8 8 2 3 5 7 4 0 1 6
15 9 6 2 3 5 7 4 1 0 6
14 10 4 2 3 5 7 4 1 6 0
16 8 8 6 3 5 0 2 4 1 7
16 8 8 7 3 0 1 2 4 5 6
16 7 9 7 3 1 5 2 0 4 6
16 8 8 6 3 5 0 2 4 1 7
16 7 9 7 3 5 1 6 4 0 2
16 8 8 3 5 0 7 2 4 1 6
15 9 6 3 5 1 7 2 4 0 6
14 10 4 3 5 1 7 2 4 6 0
16 7 9 7 3 5 2 0 4 1 6
16 8 8 7 3 5 2 4 1 0 6
15 9 6 7 3 5 2 4 1 6 0
16 8 8 3 4 5 7 2 0 1 6
15 9 6 3 4 5 7 2 1 0 6
14 10 4 3 4 5 7 2 1 6 0
16 8 8 2 3 5 0 6 4 1 7
16 7 9 0 3 5 7 4 1 2 6
16 8 8 7 3 5 1 6 4 2 0
16 10 6 1 3 5 7 4 0 2 6
15 11 4 1 3 5 7 4 2 0 6
14 12 2 1 3 5 7 4 2 6 0
16 3 13 3 4 5 6 0 7 1 2
14 5 9 3 4 5 6 2 7 1 0
15 6 9 3 4 5 0 2 7 1 6
16 11 5 1 3 5 7 0 4 2 6
16 6 10 3 4 5 6 2 7 0 1
16 8 8 3 4 5 2 7 1 0 6
15 9 6 3 4 5 2 7 1 6 0
16 6 10 0 3 5 2 6 4 1 7
16 6 10 0 3 5 7 6 4 1 2
16 6 10 2 3 5 6 4 0 1 7
15 7 8 2 3 5 6 4 1 0 7
16 9 7 7 3 1 0 2 4 5 6
16 8 8 2 3 5 6 4 1 7 0
16 4 12 3 4 0 6 7 1 5 2
15 5 10 3 4 6 0 7 1 5 2
14 6 8 3 4 6 2 7 1 5 0
16 8 8 2 3 5 7 4 0 1 6
16 8 8 3 5 1 2 7 4 0 6
15 9 6 3 5 1 2 7 4 6 0
16 6 10 3 5 0 1 7 4 2 6
16 6 10 3 5 6 2 0 4 1 7
16 7 9 3 5 2 1 7 4 0 6
15 8 7 3 5 2 1 7 4 6 0
16 10 6 2 3 5 1 0 4 6 7
16 8 8 0 3 6 7 2 4 5 1
13 11 2 1 3 6 7 2 4 5 0
16 7 9 3 5 0 1 7 4 6 2
16 8 8 2 3 6 1 7 4 0 5
16 7 9 3 5 2 0 7 4 6 1
16 7 9 3 0 5 2 7 4 6 1
16 8 8 0 3 5 2 7 4 6 1
13 11 2 1 3 5 2 7 4 6 0
16 8 8 2 3 5 1 7 0 4 6
16 8 8 2 3 0 1 7 4 5 6
16 6 10 3 5 6 7 0 4 1 2
14 8 6 3 5 6 7 2 4 1 0
16 8 8 6 3 5 0 2 4 1 7
16 9 7 2 3 1 5 0 4 6 7
16 5 11 6 3 0 2 7 4 5 1
16 5 11 6 3 5 2 7 0 4 1
16 12 4 1 3 5 2 7 4 0 6
16 9 7 3 5 6 7 2 4 0 1
16 12 4 1 3 6 0 2 4 5 7
16 12 4 1 3 6 7 2 4 0 5
16 8 8 7 3 6 1 2 4 0 5
16 4 12 7 3 0 6 4 1 5 2
15 5 10 7 3 6 0 4 1 5 2
14 6 8 7 3 6 2 4 1 5 0
16 8 8 6 3 5 0 2 4 1 7
16 8 8 3 5 1 0 7 4 6 2
16 8 8 7 3 5 1 2 0 4 6
16 7 9 2 3 1 5 7 0 4 6
16 9 7 2 3 1 0 7 4 5 6
16 12 4 1 3 5 0 7 4 6 2
17 6 11 2 0 3 5 7 4 1 6
17 9 8 4 3 5 2 7 1 0 6
16 10 6 4 3 5 2 7 1 6 0
17 7 10 3 4 6 2 7 1 0 5
17 5 12 4 3 0 6 7 1 5 2
16 6 10 4 3 6 0 7 1 5 2
15 7 8 4 3 6 2 7 1 5 0
17 9 8 3 5 6 0 2 4 1 7
17 10 7 0 3 1 5 2 4 6 7
17 7 10 6 3 5 0 7 4 2 1
17 4 13 4 3 5 6 0 7 1 2
15 6 9 4 3 5 6 2 7 1 0
16 7 9 4 3 5 0 2 7 1 6
17 7 10 3 0 5 2 7 4 1 6
17 9 8 7 3 0 1 2 4 6 5
17 10 7 0 3 1 7 2 4 6 5
17 9 8 3 4 5 1 2 7 0 6
16 10 6 3 4 5 1 2 7 6 0
17 5 12 7 3 0 5 6 4 1 2
16 6 10 7 3 1 5 6 4 0 2
16 7 9 7 3 1 5 6 4 2 0
17 6 11 6 3 5 2 4 0 1 7
16 7 9 6 3 5 2 4 1 0 7
17 11 6 3 4 5 0 2 1 6 7
17 6 11 7 3 0 5 4 1 2 6
17 6 11 7 3 5 6 0 2 4 1
15 8 7 7 3 5 6 1 2 4 0
16 9 7 7 3 5 0 1 2 4 6
17 8 9 3 4 5 7 0 1 2 6
17 6 11 6 3 5 7 4 0 1 2
16 7 9 6 3 5 7 4 1 0 2
16 8 8 6 3 5 7 4 1 2 0
17 9 8 2 3 6 7 0 4 5 1
15 11 4 2 3 6 7 1 4 5 0
17 7 10 3 0 5 6 2 4 1 7
17 8 9 4 3 5 7 0 1 2 6
17 7 10 3 0 5 1 7 4 2 6
17 11 6 0 3 5 1 2 4 6 7
15 13 2 1 3 5 0 2 4 6 7
14 14 0 1 3 5 7 2 4 6 0
