0 0 0 0 3 5 6 7 4 1 2
0 3 4 2 3 5 6 7 4 1 0
0 2 5 6 3 5 0 7 4 1 2
0 3 4 6 3 5 2 7 4 1 0
0 5 4 6 3 5 7 0 4 1 2
0 7 2 6 3 5 7 2 4 1 0
0 8 3 6 3 5 7 2 4 0 1
0 10 3 0 3 5 7 2 4 1 6
0 10 4 6 3 0 7 2 4 1 5
0 13 4 4 3 5 7 2 0 1 6
0 11 4 6 3 1 7 2 4 0 5
0 12 3 6 3 1 7 2 4 5 0
0 14 4 4 3 5 7 2 1 0 6
0 15 2 4 3 5 7 2 1 6 0
0 18 3 0 3 5 7 2 1 6 4
0 21 2 1 3 5 7 2 0 6 4
0 22 3 1 0 5 7 2 3 6 4
0 22 3 1 3 5 7 2 6 0 4
0 23 2 1 3 5 7 2 6 4 0
0 22 3 1 3 5 7 0 2 6 4
0 24 2 1 3 5 7 4 2 6 0
0 25 4 1 0 5 7 3 2 6 4
0 25 4 1 3 5 0 7 2 6 4
0 26 3 1 3 5 4 7 2 6 0
0 25 4 1 3 5 0 4 2 6 7
0 27 4 1 3 0 7 4 2 6 5
0 28 4 1 3 5 4 0 2 6 7
0 29 3 1 3 5 4 2 0 6 7
0 26 4 1 2 5 7 3 0 6 4
0 25 4 1 3 5 7 4 2 0 6
0 27 4 0 3 5 7 4 2 6 1
0 27 4 1 2 5 7 0 3 6 4
0 29 3 1 2 5 7 4 3 6 0
0 30 4 2 3 5 7 4 0 6 1
0 31 3 2 3 5 7 0 4 6 1
0 32 2 0 3 5 7 2 4 6 1
0 35 0 1 3 5 7 2 4 6 0
