0 0 0 2 6 5 7 0 1 4 3
0 1 5 0 6 5 7 2 1 4 3
0 4 4 1 6 5 7 2 0 4 3
0 5 3 1 6 5 7 2 4 0 3
0 6 2 1 6 5 7 2 4 3 0
0 4 4 3 6 5 7 2 1 4 0
0 8 4 1 6 5 7 0 4 3 2
0 9 4 1 6 0 7 2 4 3 5
0 9 4 0 6 5 7 2 4 3 1
0 5 4 1 0 5 7 2 6 4 3
0 6 4 1 6 0 7 2 4 5 3
0 7 4 1 6 5 0 2 4 3 7
0 7 4 1 0 6 7 2 4 5 3
0 10 4 1 6 5 3 2 4 0 7
0 11 3 1 6 5 3 2 4 7 0
0 10 4 1 0 6 7 2 4 3 5
0 10 4 1 6 3 7 2 4 0 5
0 11 3 1 6 3 7 2 4 5 0
0 10 4 6 0 5 7 2 4 3 1
0 11 4 1 0 5 7 6 4 3 2
0 12 4 1 6 5 0 2 4 7 3
0 11 5 1 6 5 0 7 4 3 2
0 12 4 1 6 5 2 7 4 3 0
0 8 5 1 4 6 7 2 0 5 3
0 11 5 1 6 0 3 2 4 5 7
0 12 5 0 1 5 7 6 4 3 2
0 15 4 2 1 5 7 6 4 3 0
0 15 5 1 6 5 2 0 4 7 3
0 17 4 1 6 5 2 3 4 7 0
0 9 5 0 6 5 1 2 4 3 7
0 12 4 7 6 5 1 2 4 3 0
0 12 5 1 0 6 3 2 4 5 7
0 18 5 1 0 5 2 6 4 7 3
0 18 5 1 6 5 0 3 4 7 2
0 21 4 1 6 5 7 3 4 0 2
0 22 3 1 6 5 7 3 4 2 0
0 24 4 1 6 5 7 0 4 2 3
0 27 4 1 0 5 7 6 4 2 3
0 22 5 1 6 5 7 3 0 4 2
0 25 5 1 6 0 7 3 4 2 5
0 27 5 1 6 5 0 7 4 2 3
0 28 4 1 6 5 3 7 4 2 0
0 23 5 1 6 5 7 0 3 4 2
0 25 3 1 6 5 7 2 3 4 0
0 26 4 1 6 5 7 2 3 0 4
0 27 4 1 6 5 7 2 0 3 4
0 28 4 1 0 5 7 2 6 3 4
0 26 5 1 0 6 7 3 4 2 5
0 5 5 3 6 5 7 2 1 0 4
0 12 5 1 6 3 0 2 4 5 7
0 28 5 1 6 0 7 2 3 4 5
0 9 5 1 4 6 7 2 5 0 3
0 10 4 1 4 0 7 2 5 6 3
0 10 4 1 4 6 7 2 5 3 0
0 11 4 1 0 4 7 2 5 6 3
0 12 4 1 5 4 7 2 0 6 3
0 28 5 1 6 5 7 0 2 3 4
0 30 4 1 6 5 7 4 2 3 0
0 11 5 1 4 7 0 2 5 6 3
0 12 4 1 4 7 3 2 5 6 0
0 13 5 1 4 0 7 2 5 3 6
0 31 5 1 0 5 7 6 2 3 4
0 31 5 1 6 5 7 4 2 0 3
0 12 5 0 1 4 7 2 5 6 3
0 15 4 3 1 4 7 2 5 6 0
0 13 5 1 5 4 7 0 2 6 3
0 15 4 1 5 4 7 3 2 6 0
0 15 5 1 6 3 5 2 4 0 7
0 16 4 1 6 3 5 2 4 7 0
0 29 5 1 0 6 7 2 3 4 5
0 30 4 1 3 6 7 2 0 4 5
0 31 3 1 3 6 7 2 4 0 5
0 32 2 1 3 0 7 2 4 6 5
0 32 2 1 3 6 7 2 4 5 0
0 33 3 1 3 7 0 2 4 6 5
0 34 2 1 3 7 5 2 4 6 0
0 33 3 1 0 3 7 2 4 6 5
0 35 3 1 3 0 7 2 4 5 6
0 36 2 1 3 5 7 2 4 0 6
0 37 0 1 3 5 7 2 4 6 0
