0 0 0 2 6 5 7 0 1 4 3
0 2 8 2 6 5 7 3 1 4 0
0 1 10 2 6 5 7 1 0 4 3
0 2 8 2 6 5 7 1 4 0 3
0 3 6 2 6 5 7 1 4 3 0
0 4 8 2 6 5 0 1 4 3 7
0 7 8 2 6 5 3 1 4 0 7
0 8 8 2 6 5 3 1 4 7 0
0 6 10 0 6 5 2 1 4 3 7
0 7 8 1 6 5 2 0 4 3 7
0 9 6 1 6 5 2 7 4 3 0
0 10 6 1 6 5 0 2 4 3 7
0 11 4 1 6 5 7 2 4 3 0
0 13 6 1 6 5 3 2 4 0 7
0 12 6 1 6 5 7 2 4 0 3
0 14 6 1 6 5 3 2 4 7 0
0 9 8 7 6 5 2 1 4 3 0
0 10 8 1 6 5 2 7 4 0 3
0 11 8 1 6 0 5 2 4 3 7
0 12 6 1 6 3 5 2 4 0 7
0 13 6 1 6 3 5 2 4 7 0
0 13 8 1 6 3 5 2 0 4 7
0 14 8 1 6 3 0 2 4 7 5
0 17 6 1 6 3 7 2 4 0 5
0 18 4 1 6 3 7 2 4 5 0
0 19 6 1 6 3 0 2 4 5 7
0 14 8 1 0 3 5 2 6 4 7
0 15 6 1 3 0 5 2 6 4 7
0 16 4 1 3 5 0 2 6 4 7
0 17 2 1 3 5 7 2 6 4 0
0 18 4 1 3 5 7 2 6 0 4
0 19 4 1 3 5 7 2 0 6 4
0 19 5 1 3 5 4 2 6 0 7
0 20 5 1 3 5 7 0 2 6 4
0 22 2 1 3 5 7 4 2 6 0
0 23 4 1 3 5 0 4 2 6 7
0 23 4 1 3 5 7 4 2 0 6
0 20 5 1 3 5 4 2 6 7 0
0 20 5 1 3 5 4 2 0 6 7
0 23 5 1 3 5 0 7 2 6 4
0 24 4 1 3 5 4 7 2 6 0
0 25 6 1 3 0 7 4 2 6 5
0 24 6 1 3 0 5 4 2 6 7
0 21 6 1 3 5 4 0 2 6 7
0 25 6 1 3 6 5 4 2 0 7
0 25 6 1 3 5 4 7 2 0 6
0 26 6 1 3 6 5 4 2 7 0
0 26 6 1 3 5 4 0 2 6 7
0 26 6 1 3 6 7 4 2 0 5
0 27 4 1 3 6 7 4 2 5 0
0 26 6 1 3 7 0 4 2 6 5
0 27 4 1 3 7 5 4 2 6 0
0 28 6 1 3 6 0 4 2 5 7
0 30 6 1 3 0 7 4 2 5 6
0 28 6 1 3 7 5 4 2 0 6
0 31 6 1 3 7 0 4 2 5 6
0 24 6 1 3 5 7 4 0 2 6
0 25 5 1 3 5 7 0 4 2 6
0 27 4 1 3 5 7 6 4 2 0
0 28 5 1 3 5 0 7 4 2 6
0 31 4 1 3 5 2 7 4 0 6
0 32 2 1 3 5 2 7 4 6 0
0 33 4 1 3 5 0 7 4 6 2
0 34 4 1 3 5 2 0 4 6 7
0 37 2 1 3 5 0 2 4 6 7
0 38 0 1 3 5 7 2 4 6 0
