0 0 2 6 5 7 0 1 4 3
2 1 0 6 5 7 2 1 4 3
1 3 1 6 5 7 2 0 4 3
4 1 1 6 5 7 2 4 0 3
3 1 1 6 5 7 2 4 3 0
7 1 1 6 5 0 2 4 3 7
3 3 1 6 5 3 2 4 0 7
7 1 1 6 5 3 2 4 7 0
3 1 1 6 5 0 2 4 7 3
2 3 1 6 5 2 0 4 7 3
3 2 1 6 5 2 3 4 7 0
2 1 1 6 5 0 3 4 7 2
7 3 1 6 5 7 3 4 0 2
4 1 1 6 5 7 3 0 4 2
3 1 1 6 5 7 0 3 4 2
2 2 1 6 5 7 2 3 4 0
5 3 1 6 0 7 2 3 4 5
6 1 1 0 6 7 2 3 4 5
3 1 1 3 6 7 2 0 4 5
4 1 1 3 6 7 2 4 0 5
5 1 1 3 6 7 2 4 5 0
6 3 1 3 0 7 2 4 5 6
5 1 1 3 5 7 2 4 0 6
6 1 1 3 5 7 2 4 6 0
37 0.014717817306518555